1024

638
841
698.25
3684.75
10450.5
10162.5
403.75
5679
943.5
18.75
1842.25
2514.75
1033.75
849
3430.25
1627.5
825
4151.5
1017
1162.25
2055.25
82
5715.5
4198.75
4041.25
2453.5
651
3067
1374.25
6746
7705
1009.25
8976.25
4037.5
833.25
2785.75
4681.5
2526
8906.25
925
1462.5
7149.5
2818.25
1810.5
-82.5
698
2174.25
-469
2004.25
9777.25
7237.75
-53.25
5293
2165.75
11700.25
6705.25
151.5
3595.75
1895
1701.75
-509.25
440.25
-222.25
404.75
8304.5
4573.75
8681.25
3729
6875.5
2730.75
3260.75
7717
5662
-322
3464.25
5794.75
7665
3276.25
4385
4131
7160.5
6584.25
-679.5
2123.25
806
5642
10612.25
2526.75
-613.5
1677.75
10497.5
2009.5
3076.5
-555
8925
2955.25
1035.25
1835.75
549.75
5264.75
-492.75
1989.5
1645
11788.75
-910.25
6291.75
1825.75
6104.25
1999.25
772
2636
7802
3819
442
4125.5
104.25
181.75
10410
187.5
1816.25
6765.75
-456
2694
10682.25
9602.75
4747.75
8644.5
7880.75
1692
-1077.5
5266
7171.75
6273.5
223.75
-85
1632.5
12739.5
6094.75
6964.5
4573.25
-996.5
2289.25
4744.25
1569
4002
2640.25
-1075.5
-969
-1064.25
4031
6905.5
8562.75
-765.5
2468
6182.5
-1573
2447.5
4817
4010.25
-1484.25
-367.5
1212.75
2628
7468
-476.5
4812
1973.25
6379.5
-191.25
3108.5
3257.25
7389.75
2791.75
-1414.5
8762.25
1815.75
-1357.5
8593
1945.5
4148.25
-1621.5
2488.5
6310.5
3767.5
-1582.5
-475
-318.75
-1905
8988.75
-1551
7489.5
3298
-1275.25
8106.25
11828
3239
1480.25
3338.25
-1495.5
9990
4840.5
4412
2283
1892.25
975
910
3781.75
2476.75
-39.5
-1004.5
5894.75
203.5
3515.25
4119.25
8656
3994
4742
257.75
2849.75
409.5
14177.5
9563
-401.5
1202.5
-1876.5
7978
3351
-1840
-1291.5
-1425.5
7208.5
5619
179.25
-1348.75
10938.75
10205.75
1952.25
3763.35
4211.5
2017
8341
-1356.75
1284.5
6140.75
-1411.5
4368.5
-1330.5
-1943.25
1651.75
6723.75
-1235.5
-1722.5
10946.25
-294.5
9789.25
19.5
1499.25
553.25
2493.5
2738.25
9842.5
2043
7465
3336
-2587.5
9430.25
4690.25
11009.75
837.25
-763.5
3946.7
7586
354
3697.3
1289
-2231
8528.75
12137.75
10921.75
2298
-811
6253
-1520.25
244
3500.25
7218.5
5063.5
1945.75
-2701.25
6370
10597
-1426
-234.5
-1335.75
-253
6979.5
6751.25
-2779.5
4695.75
2177.25
-1448.25
-1739.5
5689.75
3621
2164.25
-821.25
2353.75
8558.25
-401.25
-3149.25
2755.75
3524.9
4817.75
-579.75
570
-2368.5
-966
3155.25
-2294.5
-155
-2715
6519
-968
-2748
-1956.5
13236
-1525.75
3783.5
5843.25
11819
5250
10191.5
5528.5
-1543
1550.25
-381.75
11358.25
11022.5
705.75
-2223
-272.75
1114.25
1884.5
-1956.5
7920.75
11132.75
3461.75
12526.25
4493.25
760.75
5520.75
6864.5
12723
-1729.5
53.75
14375.5
-938.25
6916
13364.75
10555.25
1178
135.25
514
-3129
-3718
-582.25
3116.75
1597
-1346.25
5530
2804.75
5274.25
856.25
3992.05
1537.25
9129.5
2804.5
11248
12824.5
3959.25
5373.25
-2085
-826.5
10420.5
-221
-1625.5
3474
5443.25
-3167.25
-3841
5692
6853
143.75
8993.25
7020
6871
5713.75
805.5
1129.75
-3279
8664
-2544
-2971.5
10085.5
-2872
6811.75
-2202
11443.5
6747
6852.5
1534.25
3838
-3558
-3072
-315.25
665
8454.5
7218.25
2269.5
-3246.75
-2190.5
5538
-2942.75
1150.75
14739
1212.25
4593.75
3531.25
3744.5
-159.75
10036
1136.75
-3064.25
-949.5
1433.75
8663
17601.5
6011
-1089
403.75
-2860.5
-3169.75
-3954
11844.25
8220
3495.5
8554.25
3469
-3452.25
-2099.25
-1462.5
3112
501.75
-3727.5
-1790.5
-3047
-2149.5
1431
-1911.75
5624.25
4658.25
-3585
-3612.75
2605.75
8068.25
-1656.75
-3872.75
-3097.25
4875
-3320.75
-2478.75
-3041.75
2151.75
-668.75
-2884.5
1086.75
-3473.75
-859.25
6216.5
1937.25
7792.5
-2365
-1243.5
11565.5
-3920.5
-2808
3305.25
-185.5
3561.25
-323.25
-587.5
4073
8759.5
10082.5
11595
8709.5
1427.75
-1419
-1083
-3852.75
1918
9259.5
8768
14758.75
-778.25
-3268.75
12472.5
-4880.25
-3689
717.75
3391.25
3919.5
5713.25
5037.75
-3253
275.5
-4958.25
3913
-2054.75
5475
9589.25
2450.75
131.25
6628.5
-5349.75
-2830.25
14060.75
-4254
-2427
-5405.75
-1754.5
-5262
9518
14043.75
4273.25
1823.5
13816.75
10522
4876.25
-3779.75
-540.5
-741.75
2372.75
11701.25
-924.75
-1439.5
-4131
-998.25
184
857.25
-5145.5
10385.25
-3673.5
7169.25
-5344.5
8497.25
-1607.25
10991.5
10287.5
402
8426.75
8067.25
-4408.5
4177
13515
2095.5
-2600
-4960.5
36.25
2701.5
-1329.5
8383.75
-369.25
-1393
-1975.5
11429.5
-2025.5
6560
-2878.5
1022.75
-4933.25
6132.25
1079.25
-2170.75
2156
9307.5
-5823.5
18448.25
-5096
-4585.25
13012.5
2279.75
-5529.5
4344
4869
8543.25
4091.75
-6107.75
13886
-5937.5
11768
-4770.75
9916
-295.25
-3434.25
-5997.5
-2929
-5500.25
5785.75
-5505
1412.25
-3317
-2940
1454.75
5678.25
-928
643.25
5275.5
-5955.75
-3403.5
-1684.5
-4988
2004.5
-1636.75
642.5
-3732.75
8341.25
-1239
-4759.5
8503.25
6987
152.75
7524.25
6199
12132.25
8917.5
-4987.5
11330.25
10331
600.25
2293.2
-1631.5
-3767.5
3598.75
-2822.25
-4186
3143
-3253
-74.25
7061
6239.75
-4601.25
2367.5
1861
-3579.5
5479
-2091
-2181.25
7747.5
6233.5
3613.75
9453.75
9497.25
6903.25
-5247.75
60
78
2421.5
5495.5
1883.25
-1569
-3842.75
-4732.5
9347.75
-2665.25
1172
-3126.75
10368.25
8031.75
-5988
-2185.75
-3286.5
7814
267.5
37.5
-3544
8196.5
5068.5
12360.25
15424.5
747.5
6803
4539.75
11721.25
16010
3786.75
-2940
-4021.25
4923.75
2312.25
-6573.5
2471.25
163
-849.25
4419.5
14720
9484.75
-4798.25
-3205.25
10780.5
273.25
3250.5
4969.75
-3732
-459.75
524.75
2068.5
1554.75
4821
-2748
9285.75
10990.5
-5458
9090.25
4458.5
-4932
5577
-4753
6862
12637
-2536.75
-3140.25
1094
11889.25
-6884.5
-6700.5
-5215.5
4562.25
-5045.75
-575.25
-2309
-43.5
-3031
2253
-6773.75
8450.5
4504.4
9144.25
6509.75
12281
9308
-477.25
4966
13896
445
5241.5
12313.75
-7537.5
10416.5
-3711
4432.2
-37.25
3718.75
4008
-3975.75
11489.75
7025.5
-171
1303.5
-1127.75
-5697.5
7170
5759.5
19738.5
2713
-7424.25
86.25
8351
-3397.75
-6777.75
9644.5
-7985.25
10011
1961.75
-3310.5
6739.25
5460.75
137.75
11157.75
80
20694.5
10582
6031.5
-1152
766
4291
15874
4082
3945
-4571.25
-4485.5
10709.75
5058.5
-4123.5
-8228.5
-6423.5
4311.75
-8260.25
-6172
4169.75
9819
-2370.25
-5746.5
-155.25
-1049.25
6630.75
647.75
-6596
11263.25
4408.5
-3556
11954.5
10206
-8422.5
-3300.25
1313
12204.75
-8002.5
5243
2292
9919.5
-7808
9278.75
-5899.5
6018.25
16504
765.75
-1788.5
-4908
9809
-4688.5
-2193
6259.75
11124.5
15822.5
6910
-788.5
5757.25
10294.75
9747.5
1643
13483.25
9692.5
1009.5
-498.25
-8744.25
-1032
6644.25
-5673.5
-568.75
-2592.75
12645
346.75
-1462.25
13652
-4331
-6626
-8871.75
6228.5
-5712
4784.5
-2498.5
10835.5
16457
15783.5
7392.5
6785
7355
10489.75
5042.75
-721.25
14093.5
5817.25
755.25
-4798.5
-5810.5
2061.5
3693
10388.5
6609.75
2834
-8347
1831.25
9332
18803.25
-2172.75
-343.25
1493.25
9976.25
253
-8960.5
2192
-4136.5
9345.5
2782.75
-886
10308.5
-6992.5
11401.75
-2944
-4233.5
2579.5
4260.5
-4875.75
6952.25
10276.25
-8354.75
-4672
-8631.5
13832.75
-7868
9057.25
5898.75
14026.25
-7410.75
-1160.75
-7785.5
-5751.5
-6628.5
-5911.5
9199.75
10129.25
1801.25
10037
-6718.5
-6973.5
6421.25
-5833.5
3323.75
13078.25
9216.75
-1610.5
424.5
-5099.25
-7681.5
8184
13887.5
10019.5
1175.75
-7724.25
9445.25
-2598.75
2097.25
-7449
-7656
3659.5
17146
4963.5
13522
16345.5
3138
3283.25
8751.75
-9584.5
12255.25
-9080
-6193.25
1820.75
509.75
-358.5
9796.5
1142
1962.5
-180.25
-7700.5
10345
6430
-2694.25
-6692.25
1622
6642
-8707.5
368.5
-3223.5
-5561
6499.25
-1537.75
-789
-928
6177.75
3259.25
-5440
13592.25
-9255.75
-4859.75
1810.25
3938.75
9068.25
4285
-5837.25
-2629.5
-5005.25
2499.75
-5202
-6420
560.75
6954
16457.25
-7648
8137
16150.25
12676.75
-7088.75
10631.25
-4955
-3715.5
-6788.75
-1374.25
-4671.25
161
-3836.5
-8350.5
-6323
-749.75

2.5, 0, 123
1.5, 0, 222
-6.5, 0, 0
3.25, 1, 117
2, 1, 233
-5.25, 1, 1
2.75, 2, 122
1.75, 2, 215
-6, 2, 2
2.75, 3, 88
2, 3, 186
0.25, 3, 285
2.25, 3, 409
2.25, 3, 506
1.25, 3, 602
0.25, 3, 701
0.5, 3, 3
3.5, 4, 86
2.5, 4, 202
3.5, 4, 306
3.75, 4, 398
3, 4, 511
3.5, 4, 636
3, 4, 731
1.25, 4, 830
13.5, 4, 4
3.75, 5, 100
0.25, 5, 211
3.75, 5, 337
0.5, 5, 460
3.25, 5, 584
1.25, 5, 673
3, 5, 767
3.5, 5, 894
8.75, 5, 5
3.5, 6, 87
0.75, 6, 185
-6.25, 6, 6
0.75, 7, 95
0.5, 7, 220
0.75, 7, 316
2.75, 7, 420
3.5, 7, 518
2.75, 7, 627
0.75, 7, 729
1.25, 7, 7
3.75, 8, 102
3, 8, 196
-3.75, 8, 8
1.25, 9, 88
-9.25, 9, 9
3.75, 10, 118
2.75, 10, 226
1.25, 10, 349
0.75, 10, 474
-2, 10, 10
1.5, 11, 125
2.5, 11, 218
2.25, 11, 306
2.75, 11, 401
-1.5, 11, 11
2.75, 12, 87
0.5, 12, 196
2.5, 12, 301
-4.75, 12, 12
2.25, 13, 121
3, 13, 215
-5.25, 13, 13
0.25, 14, 97
2.5, 14, 215
2, 14, 305
2.5, 14, 425
2.25, 14, 534
-1, 14, 14
2.25, 15, 91
3.75, 15, 195
2.5, 15, 286
-2, 15, 15
3.75, 16, 84
0.75, 16, 188
1.5, 16, 293
-4.5, 16, 16
0.25, 17, 90
3.75, 17, 210
1.25, 17, 307
1.25, 17, 431
0.25, 17, 553
3.5, 17, 650
-0.25, 17, 17
0.5, 18, 101
1, 18, 226
0.25, 18, 337
1.75, 18, 449
-7, 18, 18
0.75, 19, 102
1.5, 19, 209
2.75, 19, 319
-5.5, 19, 19
2.5, 20, 123
1.25, 20, 222
1, 20, 335
1.25, 20, 431
1.25, 20, 526
-3.25, 20, 20
2, 21, 85
0.5, 21, 171
-8, 21, 21
2.75, 22, 125
0.75, 22, 252
2.5, 22, 362
0.5, 22, 489
3.75, 22, 591
2.5, 22, 701
2.25, 22, 22
0.75, 23, 106
2.75, 23, 195
2, 23, 292
1, 23, 389
1.75, 23, 476
2.75, 23, 574
0.25, 23, 677
0.75, 23, 23
3.75, 24, 97
3, 24, 199
2.25, 24, 310
3, 24, 436
1.75, 24, 560
3.25, 24, 24
3, 25, 89
1.25, 25, 199
1.25, 25, 298
2.25, 25, 419
1.25, 25, 522
-1.5, 25, 25
0.75, 26, 108
3.75, 26, 194
-6, 26, 26
3.5, 27, 87
0.25, 27, 176
3.75, 27, 281
2.5, 27, 398
1.25, 27, 510
0.75, 27, 27
1.75, 28, 104
1.25, 28, 227
0.25, 28, 340
2.25, 28, 428
-5, 28, 28
0.25, 29, 105
2, 29, 207
3.75, 29, 294
3.25, 29, 388
3.75, 29, 511
3, 29, 615
5.5, 29, 29
3.5, 30, 124
2.75, 30, 245
1.25, 30, 349
0.75, 30, 435
1.25, 30, 560
1.25, 30, 661
2.5, 30, 769
2.5, 30, 883
5.25, 30, 30
0.5, 31, 106
1.25, 31, 218
2, 31, 334
0.5, 31, 423
-6.25, 31, 31
0.25, 32, 119
0.25, 32, 222
1.5, 32, 320
2.25, 32, 429
3, 32, 551
2, 32, 647
1.75, 32, 745
3.5, 32, 871
4, 32, 32
3, 33, 112
1.75, 33, 206
3.75, 33, 331
3.5, 33, 454
0.75, 33, 562
2.25, 33, 33
1, 34, 107
1, 34, 223
2.25, 34, 319
-6.25, 34, 34
2.5, 35, 109
2.75, 35, 234
2, 35, 338
2.75, 35, 437
-0.5, 35, 35
2.5, 36, 107
2.75, 36, 223
2, 36, 332
3.25, 36, 421
3, 36, 548
3, 36, 36
3.25, 37, 95
1.75, 37, 190
2.5, 37, 291
0.75, 37, 386
1.75, 37, 501
-0.5, 37, 37
1.75, 38, 116
2.25, 38, 240
1.25, 38, 364
3, 38, 465
1, 38, 568
3.25, 38, 657
3.25, 38, 766
1, 38, 860
6.25, 38, 38
3.5, 39, 98
2, 39, 222
0.25, 39, 325
0.5, 39, 441
-4.25, 39, 39
3.5, 40, 101
0.5, 40, 218
3.25, 40, 312
0.25, 40, 406
-3, 40, 40
2, 41, 113
3.25, 41, 220
3, 41, 347
1.5, 41, 439
2.25, 41, 565
3.75, 41, 690
0.5, 41, 785
5.75, 41, 41
1.25, 42, 107
2, 42, 208
1.5, 42, 306
0.25, 42, 394
3.5, 42, 511
-2, 42, 42
2.5, 43, 105
3.75, 43, 221
1.75, 43, 329
0.5, 43, 446
-2, 43, 43
2.5, 44, 110
-8, 44, 44
2.5, 45, 88
0.25, 45, 177
2.25, 45, 303
-5.5, 45, 45
3, 46, 114
0.25, 46, 238
0.75, 46, 364
2.5, 46, 485
0.75, 46, 577
-3.25, 46, 46
0.25, 47, 91
-10.25, 47, 47
3.25, 48, 116
2, 48, 219
0.25, 48, 312
2, 48, 409
0.75, 48, 527
-2.25, 48, 48
1, 49, 118
1.5, 49, 230
2.25, 49, 337
3.5, 49, 462
2.75, 49, 554
3.75, 49, 659
3.25, 49, 785
7.5, 49, 49
3.5, 50, 114
3, 50, 216
0.5, 50, 331
0.75, 50, 429
2, 50, 556
3, 50, 668
3, 50, 768
5.25, 50, 50
1.25, 51, 110
1, 51, 236
-8.25, 51, 51
0.75, 52, 100
3.75, 52, 191
2.75, 52, 286
2.25, 52, 406
0.25, 52, 529
3, 52, 629
0.25, 52, 730
0.5, 52, 855
3, 52, 52
0.75, 53, 112
3.5, 53, 227
2, 53, 330
1.75, 53, 431
-2.5, 53, 53
1.25, 54, 107
2.75, 54, 226
3.75, 54, 335
0.25, 54, 452
2.5, 54, 540
3.5, 54, 659
3.75, 54, 745
3, 54, 847
10.25, 54, 54
1.5, 55, 87
0.75, 55, 175
0.75, 55, 290
2.5, 55, 417
1.75, 55, 540
3, 55, 634
1.5, 55, 744
1.25, 55, 854
2.5, 55, 55
2, 56, 86
1.75, 56, 206
-6.75, 56, 56
2.75, 57, 111
0.5, 57, 229
3.25, 57, 321
2, 57, 435
2.25, 57, 550
0.25, 57, 57
3.25, 58, 122
3.75, 58, 218
0.5, 58, 315
1.5, 58, 402
-1.5, 58, 58
0.5, 59, 103
3.25, 59, 209
1.75, 59, 316
1.5, 59, 414
-3.5, 59, 59
0.75, 60, 113
-9.75, 60, 60
3.25, 61, 98
2, 61, 221
-5.25, 61, 61
0.25, 62, 103
1.5, 62, 201
-8.75, 62, 62
2, 63, 85
3.25, 63, 174
-5.25, 63, 63
3.5, 64, 96
1.5, 64, 203
1, 64, 300
2.25, 64, 397
1.25, 64, 510
2.25, 64, 632
1.25, 64, 751
3.5, 64, 876
6, 64, 64
0.25, 65, 123
3.75, 65, 208
1.25, 65, 307
2.75, 65, 408
1.75, 65, 523
1.75, 65, 608
0.25, 65, 735
1.25, 65, 65
1, 66, 115
3.75, 66, 208
2, 66, 328
2.75, 66, 422
0.75, 66, 517
3.25, 66, 622
0.25, 66, 716
3.5, 66, 832
6.75, 66, 66
2.75, 67, 94
2.5, 67, 209
2.5, 67, 295
2.75, 67, 380
0.5, 67, 506
1.25, 67, 625
1.75, 67, 67
0.5, 68, 87
2.25, 68, 172
1.5, 68, 290
3, 68, 394
2.75, 68, 509
1.25, 68, 633
3.25, 68, 722
4, 68, 68
3, 69, 85
2.5, 69, 185
2, 69, 310
3.25, 69, 420
0.25, 69, 69
2, 70, 90
0.25, 70, 203
1.25, 70, 321
0.75, 70, 416
1.25, 70, 541
0.5, 70, 640
2, 70, 745
-2.5, 70, 70
2.75, 71, 110
3.5, 71, 226
0.25, 71, 325
3.75, 71, 439
3.25, 71, 528
0.75, 71, 645
3, 71, 731
6.75, 71, 71
2.75, 72, 94
2.25, 72, 209
2.25, 72, 295
3, 72, 403
3.5, 72, 510
1.5, 72, 609
4.75, 72, 72
2.5, 73, 107
-8, 73, 73
1.75, 74, 95
2, 74, 204
3.5, 74, 328
3, 74, 434
0.75, 74, 522
0.5, 74, 74
1.75, 75, 125
2.25, 75, 216
2.5, 75, 340
0.75, 75, 427
0.75, 75, 553
1.5, 75, 653
2, 75, 754
1, 75, 853
2, 75, 75
0.25, 76, 95
2.25, 76, 185
1.75, 76, 305
3.25, 76, 400
2.25, 76, 509
2, 76, 599
3.75, 76, 706
5, 76, 76
0.25, 77, 93
3.5, 77, 199
0.5, 77, 319
0.25, 77, 429
2.5, 77, 519
1.75, 77, 640
-1.75, 77, 77
3.25, 78, 122
1.75, 78, 245
0.75, 78, 348
3.25, 78, 470
2, 78, 578
0.75, 78, 673
1.25, 78, 78
1.75, 79, 118
2.25, 79, 205
3, 79, 291
3.25, 79, 410
1.5, 79, 530
0.5, 79, 621
1.75, 79, 79
2, 80, 87
3.75, 80, 172
2.25, 80, 298
3, 80, 418
3.25, 80, 525
2.75, 80, 639
0.5, 80, 738
7, 80, 80
1, 81, 117
3.25, 81, 238
1.5, 81, 345
3.5, 81, 441
0.25, 81, 544
3, 81, 629
1.75, 81, 736
3.75, 81, 81
1, 82, 108
-9.5, 82, 82
1, 83, 87
1, 83, 184
0.75, 83, 304
2.75, 83, 413
1.5, 83, 517
-3.5, 83, 83
0.75, 84, 87
2.75, 84, 185
2.25, 84, 280
-4.75, 84, 84
2.75, 85, 88
3, 85, 179
1.75, 85, 305
0.75, 85, 404
3.75, 85, 522
2.75, 85, 614
4.25, 85, 85
1.5, 86, 94
2.75, 86, 192
2, 86, 297
2.5, 86, 407
3.75, 86, 520
2.75, 86, 628
1.5, 86, 734
3.25, 86, 833
9.5, 86, 86
1.25, 87, 122
2.25, 87, 242
1.25, 87, 336
3.5, 87, 457
-2.25, 87, 87
1.5, 88, 124
-9, 88, 88
3.75, 89, 94
3, 89, 182
3, 89, 279
-0.75, 89, 89
3.5, 90, 117
3, 90, 243
2.75, 90, 370
2, 90, 474
2.5, 90, 584
2.75, 90, 697
2, 90, 782
1.75, 90, 883
9.75, 90, 90
2, 91, 122
0.25, 91, 243
1.25, 91, 363
3.25, 91, 489
-3.75, 91, 91
0.75, 92, 102
1, 92, 191
1.5, 92, 299
3.25, 92, 422
2.25, 92, 508
-1.75, 92, 92
2.25, 93, 97
-8.25, 93, 93
3.5, 94, 120
1.75, 94, 220
0.25, 94, 326
1.5, 94, 412
3.25, 94, 500
2.75, 94, 585
3.25, 94, 697
1.5, 94, 810
7.25, 94, 94
2.25, 95, 117
2.25, 95, 214
1.25, 95, 300
2.25, 95, 425
1.75, 95, 538
-0.75, 95, 95
0.25, 96, 107
3.5, 96, 217
2.25, 96, 302
-4.5, 96, 96
3, 97, 90
3.25, 97, 192
3.25, 97, 317
-1, 97, 97
2.25, 98, 121
3.5, 98, 212
-4.75, 98, 98
0.5, 99, 89
3.25, 99, 216
3.75, 99, 342
2.25, 99, 442
3.5, 99, 558
2.75, 99, 99
0.75, 100, 91
1.5, 100, 180
-8.25, 100, 100
0.5, 101, 106
3.25, 101, 191
2.75, 101, 305
1.75, 101, 399
-2.25, 101, 101
3, 102, 118
3.5, 102, 243
1.5, 102, 364
0.25, 102, 472
-2.25, 102, 102
3.75, 103, 123
0.5, 103, 247
1.5, 103, 361
3.75, 103, 479
1.25, 103, 585
2.25, 103, 702
2.5, 103, 824
3.75, 103, 951
8.75, 103, 103
0.5, 104, 122
0.25, 104, 207
-9.75, 104, 104
3.25, 105, 112
3, 105, 221
0.5, 105, 347
1, 105, 440
3.5, 105, 535
3.5, 105, 661
4.25, 105, 105
1.5, 106, 103
2.25, 106, 193
2.25, 106, 296
1.75, 106, 401
0.25, 106, 515
-2.5, 106, 106
1.5, 107, 98
3.75, 107, 215
1.75, 107, 300
1, 107, 396
0.75, 107, 510
2.25, 107, 609
1, 107, 709
1.75, 107, 802
3.25, 107, 107
1.25, 108, 89
3.5, 108, 214
3, 108, 337
0.75, 108, 450
-2, 108, 108
2.5, 109, 107
0.25, 109, 209
3, 109, 323
-4.75, 109, 109
1.5, 110, 107
2.75, 110, 205
3.25, 110, 294
0.75, 110, 387
1.5, 110, 493
-0.75, 110, 110
1.75, 111, 100
1.5, 111, 221
2.25, 111, 311
3.25, 111, 438
2.25, 111, 524
3.25, 111, 639
1.75, 111, 734
5.5, 111, 111
2.75, 112, 105
0.75, 112, 225
1.5, 112, 332
2.75, 112, 430
2.75, 112, 540
0.25, 112, 628
0.25, 112, 112
0.5, 113, 101
1, 113, 228
2.75, 113, 317
-6.25, 113, 113
0.5, 114, 92
3, 114, 211
0.25, 114, 297
2.75, 114, 401
0.5, 114, 499
0.5, 114, 600
2.5, 114, 707
-0.5, 114, 114
0.75, 115, 125
3.25, 115, 234
-6.5, 115, 115
2.5, 116, 104
2.75, 116, 193
-5.25, 116, 116
3.5, 117, 91
2.25, 117, 193
3.25, 117, 283
3.25, 117, 408
1.25, 117, 524
2.75, 117, 619
3.5, 117, 722
1.5, 117, 825
10.75, 117, 117
3.25, 118, 108
2, 118, 228
-5.25, 118, 118
3, 119, 107
1, 119, 194
1.75, 119, 303
1.25, 119, 416
1, 119, 543
-2.5, 119, 119
1.25, 120, 93
2.75, 120, 209
2.25, 120, 315
3, 120, 430
3, 120, 540
0.5, 120, 645
1.25, 120, 761
0.75, 120, 871
4.25, 120, 120
3.75, 121, 97
-6.75, 121, 121
0.25, 122, 103
0.75, 122, 204
1, 122, 321
2.5, 122, 436
2.25, 122, 525
0.5, 122, 631
-3.25, 122, 122
3.5, 123, 84
3, 123, 208
3.5, 123, 306
3.5, 123, 429
2.5, 123, 544
1.75, 123, 630
2.75, 123, 735
1.5, 123, 840
11.5, 123, 123
2.5, 124, 115
1.75, 124, 225
0.25, 124, 321
2.75, 124, 427
2.75, 124, 550
2.75, 124, 638
3.25, 124, 762
1.25, 124, 850
6.75, 124, 124
1.25, 125, 118
0.25, 125, 238
1.5, 125, 331
0.25, 125, 422
3.25, 125, 510
3.75, 125, 614
-0.25, 125, 125
3, 126, 115
1, 126, 239
0.75, 126, 354
2.75, 126, 474
2.75, 126, 568
2.5, 126, 665
2.5, 126, 760
0.75, 126, 870
5.5, 126, 126
2.25, 127, 126
3.5, 127, 228
2.25, 127, 317
3, 127, 418
3, 127, 535
3.5, 127, 661
7, 127, 127
2, 128, 109
3.75, 128, 222
2.75, 128, 324
-2, 128, 128
1.25, 129, 99
-9.25, 129, 129
3, 130, 96
3.75, 130, 196
3.25, 130, 312
2.5, 130, 403
3, 130, 517
5, 130, 130
2.75, 131, 86
1, 131, 189
3.5, 131, 291
1.75, 131, 376
2, 131, 496
2.75, 131, 619
2.25, 131, 726
5.5, 131, 131
3, 132, 86
3.75, 132, 186
2.5, 132, 291
1.25, 132, 408
3, 132, 534
1.5, 132, 646
1, 132, 762
5.5, 132, 132
3.25, 133, 121
2.25, 133, 220
-5, 133, 133
0.25, 134, 123
2.75, 134, 208
0.75, 134, 293
-6.75, 134, 134
3.5, 135, 99
0.5, 135, 224
0.25, 135, 309
3.5, 135, 418
-2.75, 135, 135
3.5, 136, 96
2.75, 136, 201
0.5, 136, 289
2, 136, 403
3.75, 136, 511
3.75, 136, 627
2.75, 136, 747
3.5, 136, 832
12, 136, 136
3.25, 137, 126
2.75, 137, 250
3.25, 137, 346
0.25, 137, 471
1.25, 137, 589
2.5, 137, 677
1, 137, 795
3.75, 137, 137
0.5, 138, 86
3.25, 138, 179
3.25, 138, 273
1.75, 138, 381
3.25, 138, 476
2, 138, 578
0.5, 138, 687
1.25, 138, 795
5.25, 138, 138
1.5, 139, 116
2.25, 139, 215
3, 139, 317
3, 139, 421
1.75, 139, 517
0.25, 139, 644
0.5, 139, 757
1.75, 139, 139
2, 140, 100
-8.5, 140, 140
1, 141, 96
3.5, 141, 195
1.5, 141, 283
3.25, 141, 386
-1.25, 141, 141
0.75, 142, 125
3.25, 142, 215
2.5, 142, 337
0.5, 142, 452
0.75, 142, 554
2.75, 142, 650
0.75, 142, 749
0.75, 142, 142
3.75, 143, 103
1, 143, 221
3, 143, 311
0.75, 143, 411
-2, 143, 143
0.5, 144, 104
1, 144, 200
0.5, 144, 299
1, 144, 408
2.75, 144, 517
3.25, 144, 609
-1.5, 144, 144
2.75, 145, 93
0.75, 145, 207
2.75, 145, 318
1.75, 145, 403
1.5, 145, 524
-1, 145, 145
2, 146, 86
-8.5, 146, 146
2.25, 147, 111
-8.25, 147, 147
0.25, 148, 111
1.25, 148, 198
-9, 148, 148
1.25, 149, 122
1.25, 149, 219
0.25, 149, 335
0.75, 149, 432
0.5, 149, 542
3.75, 149, 645
1, 149, 761
-1.75, 149, 149
1.25, 150, 123
3.5, 150, 215
2.5, 150, 337
3.5, 150, 442
3.75, 150, 533
1.25, 150, 642
5.25, 150, 150
2, 151, 119
1.25, 151, 205
2.25, 151, 332
1, 151, 428
2.25, 151, 523
1, 151, 623
3, 151, 738
2.5, 151, 857
4.75, 151, 151
1.5, 152, 92
0.75, 152, 180
0.5, 152, 289
-7.75, 152, 152
3.25, 153, 107
2, 153, 214
3.5, 153, 306
1.5, 153, 433
-0.25, 153, 153
2.75, 154, 96
0.25, 154, 212
0.75, 154, 335
3.5, 154, 428
1.25, 154, 537
1.5, 154, 655
2.75, 154, 764
2.25, 154, 154
0.25, 155, 103
-10.25, 155, 155
0.25, 156, 110
0.25, 156, 224
1.25, 156, 335
0.25, 156, 451
2.25, 156, 566
1.25, 156, 688
0.5, 156, 799
-4.5, 156, 156
1, 157, 104
3.25, 157, 223
2.5, 157, 343
2.5, 157, 428
3.25, 157, 533
2, 157, 157
1, 158, 100
2.5, 158, 207
0.5, 158, 323
2.25, 158, 448
1.75, 158, 536
1.25, 158, 641
0.75, 158, 738
-0.5, 158, 158
0.75, 159, 100
-9.75, 159, 159
1.5, 160, 104
1.5, 160, 216
0.75, 160, 314
-6.75, 160, 160
2.25, 161, 102
1.5, 161, 207
3.75, 161, 307
-3, 161, 161
2, 162, 99
0.25, 162, 198
1.25, 162, 309
2.75, 162, 407
2.25, 162, 530
-2, 162, 162
0.75, 163, 120
1.5, 163, 218
0.25, 163, 309
1.25, 163, 404
3.5, 163, 490
3, 163, 591
1, 163, 700
2.25, 163, 789
3, 163, 163
0.25, 164, 106
3, 164, 230
-7.25, 164, 164
3.25, 165, 112
2, 165, 203
3.25, 165, 288
2.5, 165, 378
3.25, 165, 469
3.75, 165, 165
3, 166, 99
3, 166, 216
3.75, 166, 305
-0.75, 166, 166
3.75, 167, 122
1, 167, 248
0.75, 167, 373
2.25, 167, 499
3.25, 167, 612
2.5, 167, 706
3, 167, 167
0.25, 168, 124
1.5, 168, 238
1.75, 168, 343
-7, 168, 168
1.25, 169, 91
2, 169, 206
2.75, 169, 303
3.75, 169, 409
0.5, 169, 496
-0.25, 169, 169
2.75, 170, 110
1.5, 170, 226
3.25, 170, 311
3.5, 170, 431
0.5, 170, 170
3, 171, 89
0.75, 171, 193
3.75, 171, 310
0.75, 171, 412
2.25, 171, 504
3, 171, 626
0.5, 171, 721
1.5, 171, 839
5, 171, 171
1, 172, 96
1.25, 172, 192
0.25, 172, 283
2, 172, 394
2.75, 172, 500
1, 172, 603
-2.25, 172, 172
1.5, 173, 100
-9, 173, 173
1, 174, 102
3, 174, 205
1, 174, 325
3.25, 174, 449
2.25, 174, 550
2, 174, 668
3.5, 174, 774
5.5, 174, 174
2.25, 175, 110
3.25, 175, 224
2.75, 175, 334
0.5, 175, 442
-1.75, 175, 175
0.75, 176, 103
0.75, 176, 209
-9, 176, 176
1.5, 177, 108
3.75, 177, 198
3.75, 177, 317
1.5, 177, 441
1.5, 177, 543
1.75, 177, 636
2.5, 177, 742
1, 177, 837
6.75, 177, 177
1.5, 178, 91
1.5, 178, 189
2.25, 178, 283
3.25, 178, 381
-2, 178, 178
2.5, 179, 122
3.5, 179, 234
1.5, 179, 357
1.75, 179, 454
2.25, 179, 572
0.25, 179, 682
1.25, 179, 179
1, 180, 97
-9.5, 180, 180
0.5, 181, 112
3.5, 181, 204
2.5, 181, 292
3, 181, 387
-1, 181, 181
2, 182, 111
2.25, 182, 196
2.5, 182, 281
3, 182, 406
1, 182, 533
3, 182, 628
0.5, 182, 722
0.25, 182, 810
4, 182, 182
3.75, 183, 99
2, 183, 217
3, 183, 344
3.5, 183, 456
1.75, 183, 183
1.25, 184, 102
-9.25, 184, 184
1.5, 185, 87
2.75, 185, 201
-6.25, 185, 185
2.25, 186, 121
2.25, 186, 234
-6, 186, 186
0.25, 187, 87
-10.25, 187, 187
2.75, 188, 117
2, 188, 212
3, 188, 303
1.5, 188, 414
3.5, 188, 503
0.5, 188, 624
0.25, 188, 745
3.75, 188, 843
6.75, 188, 188
0.25, 189, 93
1, 189, 182
-9.25, 189, 189
3, 190, 87
0.75, 190, 202
0.5, 190, 313
1, 190, 435
0.75, 190, 559
1, 190, 670
3.75, 190, 785
2.25, 190, 872
2.5, 190, 190
2.25, 191, 116
1.5, 191, 230
2.25, 191, 328
1.5, 191, 450
2.5, 191, 546
-0.5, 191, 191
1.25, 192, 95
1, 192, 196
-8.25, 192, 192
2.5, 193, 121
0.75, 193, 242
3.75, 193, 351
3, 193, 461
2.5, 193, 546
3.75, 193, 647
5.75, 193, 193
3.5, 194, 94
3.5, 194, 203
2.5, 194, 296
3.75, 194, 415
2.75, 194, 541
0.5, 194, 661
3, 194, 754
2.5, 194, 859
11.5, 194, 194
0.75, 195, 100
1.75, 195, 199
2.75, 195, 290
1.75, 195, 413
2.75, 195, 521
-0.75, 195, 195
2, 196, 116
2.25, 196, 207
0.5, 196, 334
2.75, 196, 436
-3, 196, 196
3.75, 197, 126
2.5, 197, 243
1, 197, 345
3.75, 197, 432
0.25, 197, 534
0.75, 197, 197
2, 198, 97
-8.5, 198, 198
2, 199, 114
3, 199, 211
0.25, 199, 337
2.75, 199, 427
3.25, 199, 547
3.75, 199, 650
1.25, 199, 748
1.5, 199, 835
7.25, 199, 199
3, 200, 86
0.25, 200, 202
2, 200, 316
3.75, 200, 415
3.75, 200, 501
2.25, 200, 200
1.75, 201, 107
1.25, 201, 225
1, 201, 345
3.75, 201, 443
3, 201, 555
0.25, 201, 641
0.5, 201, 201
2.5, 202, 125
2, 202, 240
0.5, 202, 344
3.75, 202, 444
-1.75, 202, 202
3.25, 203, 86
3, 203, 192
3.75, 203, 301
-0.5, 203, 203
3.5, 204, 97
1.5, 204, 192
3, 204, 284
-2.5, 204, 204
0.5, 205, 101
3, 205, 218
3, 205, 341
-4, 205, 205
1.25, 206, 117
0.25, 206, 210
0.25, 206, 332
2.75, 206, 451
3.75, 206, 548
0.75, 206, 675
-1.5, 206, 206
3, 207, 121
3.25, 207, 239
3.25, 207, 325
0.75, 207, 430
-0.25, 207, 207
3, 208, 104
0.5, 208, 192
2, 208, 296
-5, 208, 208
0.25, 209, 111
2.5, 209, 237
-7.75, 209, 209
0.5, 210, 107
3.25, 210, 226
0.25, 210, 353
2.75, 210, 443
2.75, 210, 563
0.5, 210, 660
1.75, 210, 784
0.25, 210, 886
1.5, 210, 210
2, 211, 103
1, 211, 193
2.75, 211, 293
-4.75, 211, 211
3.25, 212, 96
1.75, 212, 209
1.5, 212, 326
2.5, 212, 412
2.25, 212, 510
0.75, 212, 212
2.25, 213, 110
3.5, 213, 195
3.75, 213, 295
3.75, 213, 395
2.75, 213, 213
1.25, 214, 122
2.25, 214, 210
1.25, 214, 335
1, 214, 446
3, 214, 561
1.75, 214, 651
2.5, 214, 767
1.75, 214, 856
4.25, 214, 214
3.25, 215, 103
0.25, 215, 225
2, 215, 332
1.5, 215, 420
0.5, 215, 517
3.25, 215, 611
0.25, 215, 215
0.25, 216, 88
1.75, 216, 189
1.25, 216, 298
1.75, 216, 405
0.75, 216, 511
1.5, 216, 635
2.75, 216, 753
-0.5, 216, 216
3.5, 217, 93
1.25, 217, 200
1.75, 217, 313
-4, 217, 217
2.5, 218, 107
3.5, 218, 195
2.5, 218, 293
0.75, 218, 417
1.5, 218, 526
0.25, 218, 218
1, 219, 111
2, 219, 211
2.75, 219, 333
-4.75, 219, 219
2, 220, 111
3, 220, 230
2.5, 220, 356
2, 220, 451
3.75, 220, 559
3.5, 220, 676
2.5, 220, 788
2.75, 220, 901
11.5, 220, 220
1.25, 221, 114
0.25, 221, 205
1, 221, 314
3.75, 221, 419
3.75, 221, 524
3.5, 221, 632
0.5, 221, 736
2, 221, 851
5.5, 221, 221
0.75, 222, 106
0.25, 222, 212
0.25, 222, 305
2.25, 222, 421
-7, 222, 222
2.25, 223, 85
3.5, 223, 207
2.5, 223, 313
-2.25, 223, 223
0.5, 224, 110
0.75, 224, 198
-9.25, 224, 224
1, 225, 97
3.25, 225, 197
2.5, 225, 314
1.5, 225, 404
3.5, 225, 516
0.5, 225, 610
3, 225, 709
0.5, 225, 819
5.25, 225, 225
0.5, 226, 91
3.75, 226, 191
3.25, 226, 305
3.5, 226, 421
0.5, 226, 226
1, 227, 105
0.5, 227, 211
-9, 227, 227
3.5, 228, 88
-7, 228, 228
1, 229, 94
1.5, 229, 212
-8, 229, 229
1, 230, 103
3, 230, 204
2.25, 230, 302
1.25, 230, 391
0.25, 230, 512
0.5, 230, 606
1.75, 230, 717
3.5, 230, 838
3, 230, 230
1.75, 231, 92
1, 231, 195
2.25, 231, 309
2.75, 231, 419
2.75, 231, 537
2.25, 231, 624
2.25, 231, 231
0.25, 232, 86
0.75, 232, 180
0.75, 232, 301
0.5, 232, 422
2, 232, 519
-6.25, 232, 232
3.25, 233, 106
-7.25, 233, 233
0.75, 234, 85
3.25, 234, 187
1.5, 234, 278
2.25, 234, 387
3, 234, 486
3.5, 234, 587
2, 234, 672
2.75, 234, 766
8.5, 234, 234
2, 235, 117
0.25, 235, 233
1.5, 235, 321
2.75, 235, 444
2.75, 235, 555
3.75, 235, 667
3.5, 235, 786
6, 235, 235
3.25, 236, 104
3.25, 236, 207
3.5, 236, 300
-0.5, 236, 236
2.75, 237, 116
1.5, 237, 205
0.75, 237, 296
0.75, 237, 397
1.75, 237, 500
3, 237, 601
-0.3, 237, 237
3.75, 238, 102
0.25, 238, 190
0.75, 238, 292
3.25, 238, 398
2.75, 238, 494
1, 238, 600
1.25, 238, 238
0.25, 239, 117
0.5, 239, 241
1.75, 239, 352
2.25, 239, 450
2, 239, 566
-3.75, 239, 239
3, 240, 126
1.25, 240, 221
1.75, 240, 338
3.75, 240, 459
3, 240, 549
2.75, 240, 639
0.75, 240, 757
5.75, 240, 240
3, 241, 114
0.25, 241, 210
-7.25, 241, 241
1, 242, 92
3.5, 242, 207
3.5, 242, 305
-2.5, 242, 242
1.25, 243, 84
3.25, 243, 194
2, 243, 299
1.75, 243, 384
2.75, 243, 478
3.25, 243, 582
3.75, 243, 243
2.25, 244, 115
0.75, 244, 219
-7.5, 244, 244
0.5, 245, 104
2.25, 245, 193
0.5, 245, 303
1.25, 245, 415
2.25, 245, 536
3.25, 245, 652
-0.5, 245, 245
3, 246, 96
0.5, 246, 214
-7, 246, 246
0.25, 247, 99
1.25, 247, 210
-9, 247, 247
3.5, 248, 102
2.75, 248, 225
3, 248, 326
-1.25, 248, 248
1.75, 249, 96
3.25, 249, 218
0.5, 249, 319
0.5, 249, 404
3.5, 249, 520
2, 249, 621
2.25, 249, 710
3.25, 249, 249
1.5, 250, 112
1.75, 250, 236
-7.25, 250, 250
0.25, 251, 116
1.75, 251, 222
-8.5, 251, 251
0.25, 252, 98
2.75, 252, 218
3.5, 252, 306
3, 252, 392
3.75, 252, 487
2.25, 252, 584
0.5, 252, 707
3, 252, 804
8.5, 252, 252
2.75, 253, 107
0.75, 253, 200
1.5, 253, 321
0.25, 253, 432
-5.25, 253, 253
2.5, 254, 112
1.25, 254, 220
0.75, 254, 332
1.75, 254, 439
3, 254, 553
0.5, 254, 663
3, 254, 750
3, 254, 874
5.25, 254, 254
3.5, 255, 106
0.5, 255, 221
2, 255, 342
-4.5, 255, 255
3.25, 256, 106
0.75, 256, 224
0.75, 256, 333
3.25, 256, 422
-2.5, 256, 256
1, 257, 93
3.5, 257, 208
2.25, 257, 308
-3.75, 257, 257
1.75, 258, 87
2.25, 258, 193
2.25, 258, 314
0.25, 258, 406
2.75, 258, 514
-1.25, 258, 258
1.5, 259, 109
0.75, 259, 226
1, 259, 314
1.5, 259, 438
2, 259, 527
1.5, 259, 638
-2.25, 259, 259
3.75, 260, 106
3.5, 260, 230
3.75, 260, 351
1, 260, 443
3.75, 260, 567
2, 260, 661
1.5, 260, 753
8.75, 260, 260
2, 261, 114
3.25, 261, 207
0.75, 261, 331
3, 261, 426
-1.5, 261, 261
1.5, 262, 123
1, 262, 237
0.75, 262, 335
0.75, 262, 422
2.5, 262, 543
2.5, 262, 649
3.75, 262, 771
2.25, 262, 262
0.75, 263, 126
0.75, 263, 253
2.75, 263, 348
3, 263, 436
1.5, 263, 527
0.5, 263, 634
-1.25, 263, 263
0.5, 264, 124
-10, 264, 264
0.25, 265, 109
2.5, 265, 216
1.75, 265, 306
1, 265, 419
3.75, 265, 508
2.25, 265, 600
1.5, 265, 685
2.75, 265, 805
5.25, 265, 265
3, 266, 100
3.25, 266, 221
0.25, 266, 323
2.75, 266, 414
1.25, 266, 525
2, 266, 625
2, 266, 266
3.5, 267, 98
3.25, 267, 220
2.5, 267, 322
3.75, 267, 429
3.5, 267, 528
0.5, 267, 636
0.5, 267, 742
2.75, 267, 861
9.75, 267, 267
3.25, 268, 89
2, 268, 191
2.75, 268, 302
-2.5, 268, 268
1.5, 269, 106
3, 269, 231
-6, 269, 269
0.5, 270, 100
2.5, 270, 187
1.25, 270, 281
1.75, 270, 382
2.75, 270, 508
1.75, 270, 619
-0.3, 270, 270
0.5, 271, 90
3.75, 271, 189
1.25, 271, 297
1.5, 271, 384
2.5, 271, 503
1.5, 271, 621
3.5, 271, 741
4, 271, 271
0.75, 272, 95
2.25, 272, 197
3, 272, 299
0.25, 272, 386
-4.25, 272, 272
1.25, 273, 101
2.5, 273, 225
3, 273, 332
0.25, 273, 455
3.5, 273, 563
-0.3, 273, 273
3.25, 274, 124
2, 274, 243
2, 274, 359
0.75, 274, 482
-2.5, 274, 274
1.5, 275, 91
0.25, 275, 183
-8.75, 275, 275
2.25, 276, 122
2.75, 276, 211
0.25, 276, 322
0.5, 276, 439
2.75, 276, 525
3, 276, 648
0.5, 276, 765
2.75, 276, 877
4.25, 276, 276
3.5, 277, 92
2.25, 277, 183
0.25, 277, 306
3.75, 277, 410
3.75, 277, 515
2.5, 277, 608
3.5, 277, 701
1.25, 277, 812
10.25, 277, 277
3.75, 278, 126
3.25, 278, 217
3.5, 278, 314
1.25, 278, 439
1.5, 278, 527
1.5, 278, 654
2, 278, 749
2.75, 278, 835
9, 278, 278
1.75, 279, 91
2.25, 279, 217
3.75, 279, 313
1.75, 279, 427
-1, 279, 279
1.75, 280, 125
2.75, 280, 237
-6, 280, 280
1.5, 281, 86
3, 281, 178
0.25, 281, 287
2.75, 281, 408
3.5, 281, 500
2.75, 281, 624
3.25, 281, 281
3.75, 282, 103
-6.75, 282, 282
2, 283, 109
0.5, 283, 206
2.5, 283, 314
1, 283, 410
-4.5, 283, 283
3.5, 284, 104
3, 284, 208
2.25, 284, 316
3.25, 284, 419
1.5, 284, 284
3.5, 285, 103
2.5, 285, 203
2, 285, 311
3.25, 285, 417
3.75, 285, 519
1.25, 285, 613
5.75, 285, 285
2.75, 286, 104
2.25, 286, 226
3, 286, 337
2.5, 286, 446
2.5, 286, 565
2.5, 286, 286
3.25, 287, 98
2.75, 287, 214
3.75, 287, 332
-0.75, 287, 287
0.5, 288, 116
0.25, 288, 231
-9.75, 288, 288
1.25, 289, 88
1.75, 289, 213
1.25, 289, 309
0.5, 289, 414
3.25, 289, 527
0.5, 289, 619
0.25, 289, 717
3.25, 289, 814
1.5, 289, 289
0.75, 290, 103
2.75, 290, 229
0.5, 290, 341
2, 290, 439
3.25, 290, 538
3.75, 290, 640
3.75, 290, 762
6.25, 290, 290
2.5, 291, 105
1.25, 291, 223
-6.75, 291, 291
1.5, 292, 84
1.75, 292, 205
2.25, 292, 329
-5, 292, 292
2, 293, 116
1.75, 293, 236
-6.75, 293, 293
3, 294, 108
2.5, 294, 232
0.5, 294, 329
-4.5, 294, 294
3.25, 295, 115
0.75, 295, 208
0.25, 295, 314
3, 295, 425
1, 295, 519
1.5, 295, 623
3.75, 295, 731
3, 295, 295
2.25, 296, 122
2, 296, 231
0.5, 296, 340
1.75, 296, 455
0.25, 296, 569
3.5, 296, 684
1.5, 296, 809
0.75, 296, 923
2, 296, 296
0.5, 297, 126
0.25, 297, 249
-9.75, 297, 297
1.5, 298, 121
1.5, 298, 214
3.25, 298, 302
3.25, 298, 425
2.5, 298, 548
1.5, 298, 298
1.5, 299, 105
0.75, 299, 225
1, 299, 322
2.25, 299, 426
2.5, 299, 525
-2.5, 299, 299
2.75, 300, 125
1, 300, 236
-6.75, 300, 300
3.5, 301, 106
-7, 301, 301
3.5, 302, 102
3.75, 302, 205
3.25, 302, 307
1, 302, 405
1.25, 302, 532
0.25, 302, 639
1.5, 302, 740
4, 302, 302
2.75, 303, 96
2, 303, 221
0.75, 303, 346
0.5, 303, 450
3.5, 303, 572
0.75, 303, 659
-0.25, 303, 303
1.75, 304, 124
3, 304, 241
1.75, 304, 367
2.25, 304, 492
-1.75, 304, 304
3, 305, 104
2.25, 305, 208
-5.25, 305, 305
0.75, 306, 124
3.25, 306, 209
1.5, 306, 299
3.75, 306, 402
-1.25, 306, 306
3.25, 307, 92
0.5, 307, 218
0.5, 307, 310
1, 307, 412
2.25, 307, 522
3.5, 307, 609
1.5, 307, 736
2.25, 307, 822
4.25, 307, 307
3, 308, 117
0.25, 308, 206
2.25, 308, 327
-5, 308, 308
0.25, 309, 112
-10.25, 309, 309
1, 310, 87
2.5, 310, 173
3.75, 310, 299
1.5, 310, 402
1.25, 310, 526
-0.5, 310, 310
1.25, 311, 98
1, 311, 188
3.75, 311, 312
2, 311, 398
2, 311, 515
0.5, 311, 603
-0.3, 311, 311
3.75, 312, 101
0.25, 312, 196
3.5, 312, 282
2.75, 312, 384
3, 312, 491
2.75, 312, 312
2.5, 313, 116
0.25, 313, 204
2.5, 313, 289
-5.25, 313, 313
3.25, 314, 120
3, 314, 246
0.25, 314, 337
0.25, 314, 427
0.5, 314, 535
-3.25, 314, 314
2.25, 315, 105
-8.25, 315, 315
3.5, 316, 99
1.75, 316, 198
-5.25, 316, 316
1.5, 317, 98
0.75, 317, 188
2, 317, 305
1.75, 317, 392
3.75, 317, 480
-0.75, 317, 317
2.5, 318, 102
-8, 318, 318
0.25, 319, 86
2.5, 319, 194
2.25, 319, 318
0.5, 319, 435
-5, 319, 319
1.5, 320, 115
-9, 320, 320
2.5, 321, 108
1.5, 321, 210
3.75, 321, 308
2.25, 321, 420
3.5, 321, 537
1, 321, 652
4, 321, 321
1, 322, 98
1.5, 322, 189
2, 322, 292
-6, 322, 322
0.25, 323, 115
1, 323, 219
-9.25, 323, 323
1.25, 324, 87
1.75, 324, 211
-7.5, 324, 324
0.25, 325, 126
3.5, 325, 252
1.25, 325, 379
0.75, 325, 467
1.75, 325, 566
3.5, 325, 665
3.75, 325, 762
3.25, 325, 880
7.5, 325, 325
0.75, 326, 122
2.75, 326, 243
-7, 326, 326
0.75, 327, 115
3.5, 327, 219
1.25, 327, 346
1.75, 327, 471
0.25, 327, 559
0.25, 327, 669
1.25, 327, 763
0.75, 327, 866
-0.75, 327, 327
3.5, 328, 125
1.25, 328, 214
0.25, 328, 307
3.5, 328, 409
2.25, 328, 504
2, 328, 600
0.25, 328, 713
0.25, 328, 799
2.75, 328, 328
2.5, 329, 108
3.25, 329, 202
2.75, 329, 291
2.25, 329, 415
3.75, 329, 530
2.5, 329, 636
3.25, 329, 721
9.75, 329, 329
1.25, 330, 118
3, 330, 237
1.25, 330, 328
3.25, 330, 438
2.5, 330, 535
1, 330, 629
1.75, 330, 330
2, 331, 106
1, 331, 228
0.75, 331, 339
2, 331, 449
3.75, 331, 564
2.75, 331, 649
3.75, 331, 762
5.5, 331, 331
2, 332, 84
1.25, 332, 171
1.75, 332, 256
2, 332, 383
0.5, 332, 507
3.5, 332, 623
1.25, 332, 723
1.75, 332, 332
2, 333, 99
1.5, 333, 187
0.5, 333, 291
-6.5, 333, 333
1.5, 334, 88
2.75, 334, 180
0.5, 334, 297
3.75, 334, 383
-2, 334, 334
0.75, 335, 96
1.25, 335, 199
3.25, 335, 325
-5.25, 335, 335
2.75, 336, 87
0.75, 336, 208
0.5, 336, 325
1.25, 336, 426
1.75, 336, 517
3, 336, 629
3.25, 336, 735
3.5, 336, 847
6.25, 336, 336
3.25, 337, 126
2.5, 337, 219
1.75, 337, 305
2.25, 337, 399
1.5, 337, 511
1.5, 337, 599
3.5, 337, 699
2.25, 337, 800
8, 337, 337
2.25, 338, 105
2.25, 338, 192
3.25, 338, 296
-2.75, 338, 338
3, 339, 108
-7.5, 339, 339
2.25, 340, 86
1.25, 340, 172
2.75, 340, 277
-4.25, 340, 340
1.25, 341, 89
0.25, 341, 184
3.75, 341, 289
0.5, 341, 407
1.5, 341, 516
-3.25, 341, 341
3.5, 342, 95
3.5, 342, 192
3.25, 342, 294
-0.25, 342, 342
0.25, 343, 110
2.25, 343, 198
0.5, 343, 295
-7.5, 343, 343
3.25, 344, 107
2.75, 344, 198
0.25, 344, 316
2.5, 344, 417
3.5, 344, 528
2, 344, 642
0.25, 344, 730
1, 344, 852
5, 344, 344
1.25, 345, 111
3.25, 345, 215
2, 345, 325
2.5, 345, 418
3, 345, 539
2, 345, 630
0.5, 345, 752
3.25, 345, 868
7.25, 345, 345
1.75, 346, 94
3.25, 346, 182
2.75, 346, 289
3.75, 346, 414
1, 346, 346
2.5, 347, 100
3, 347, 204
3.5, 347, 311
1.25, 347, 425
2.5, 347, 524
1.5, 347, 644
1.75, 347, 752
3.75, 347, 857
9.25, 347, 347
2.75, 348, 110
2.5, 348, 234
1.25, 348, 344
2.25, 348, 451
3, 348, 571
1.25, 348, 348
2, 349, 123
0.5, 349, 248
2.5, 349, 358
1.75, 349, 458
-3.75, 349, 349
1.75, 350, 86
0.75, 350, 188
0.25, 350, 297
2.75, 350, 386
2.75, 350, 512
3.25, 350, 630
0.25, 350, 750
1.25, 350, 350
0.75, 351, 117
3, 351, 209
2.75, 351, 327
1, 351, 430
0.75, 351, 530
3.5, 351, 630
0.25, 351, 727
1.25, 351, 844
2.75, 351, 351
2.5, 352, 93
3.5, 352, 202
3.25, 352, 309
1.25, 352, 428
2.25, 352, 523
3.5, 352, 621
2.5, 352, 748
1.75, 352, 842
10, 352, 352
0.75, 353, 95
3, 353, 195
-6.75, 353, 353
1.5, 354, 89
1.25, 354, 200
3.75, 354, 289
-4, 354, 354
0.75, 355, 111
0.75, 355, 203
3.75, 355, 300
3.25, 355, 423
2.75, 355, 528
3.75, 355, 621
3.25, 355, 742
2.25, 355, 830
10, 355, 355
1.5, 356, 103
3.75, 356, 207
-5.25, 356, 356
1.5, 357, 119
2.5, 357, 232
3.5, 357, 349
1.5, 357, 461
2.5, 357, 548
2.5, 357, 643
3.5, 357, 357
3.5, 358, 124
3, 358, 251
2.75, 358, 341
2.75, 358, 432
3, 358, 544
3.5, 358, 631
3, 358, 747
11, 358, 358
3.5, 359, 110
1.25, 359, 236
0.75, 359, 326
2.25, 359, 448
1.5, 359, 536
1.25, 359, 625
3, 359, 716
3.25, 359, 807
6.25, 359, 359
2.5, 360, 126
1, 360, 224
3.75, 360, 317
0.5, 360, 430
0.25, 360, 519
-2.5, 360, 360
0.5, 361, 113
1.25, 361, 222
3.75, 361, 319
0.25, 361, 413
0.25, 361, 499
-4.5, 361, 361
3, 362, 117
2, 362, 221
2.5, 362, 321
-3, 362, 362
1.5, 363, 97
-9, 363, 363
0.25, 364, 92
-10.25, 364, 364
1, 365, 109
1.75, 365, 196
1.5, 365, 312
1, 365, 414
-5.25, 365, 365
3.75, 366, 91
1.25, 366, 186
3.25, 366, 271
3.25, 366, 395
1, 366, 366
3.75, 367, 111
2.75, 367, 203
3, 367, 327
-1, 367, 367
3, 368, 106
0.5, 368, 193
1.25, 368, 285
-5.75, 368, 368
1.5, 369, 111
0.25, 369, 224
1.75, 369, 330
1.25, 369, 415
2.75, 369, 524
2.75, 369, 630
1, 369, 749
0.75, 369, 369
0.75, 370, 108
1.5, 370, 201
2, 370, 321
2.25, 370, 439
2.5, 370, 536
-1.5, 370, 370
3.25, 371, 102
0.25, 371, 219
1.25, 371, 342
1, 371, 435
3.25, 371, 537
0.25, 371, 648
2.25, 371, 771
1, 371, 371
0.75, 372, 119
3.75, 372, 232
1, 372, 325
1.75, 372, 444
-3.25, 372, 372
1, 373, 96
2, 373, 213
2.25, 373, 332
1.5, 373, 437
2.75, 373, 555
1, 373, 643
-0.3, 373, 373
2, 374, 103
1.25, 374, 197
2.25, 374, 316
2, 374, 412
0.75, 374, 514
-2.25, 374, 374
0.75, 375, 110
2.75, 375, 212
2, 375, 323
3.5, 375, 413
3.25, 375, 513
3.5, 375, 621
0.5, 375, 707
5.75, 375, 375
0.5, 376, 86
3.5, 376, 198
0.75, 376, 295
2.5, 376, 385
1.25, 376, 501
1, 376, 626
-1, 376, 376
1.25, 377, 98
1.5, 377, 199
1.5, 377, 286
3.25, 377, 373
2.5, 377, 476
0.5, 377, 594
3, 377, 690
3.75, 377, 816
6.75, 377, 377
2.25, 378, 116
1, 378, 210
1, 378, 328
0.25, 378, 438
3.25, 378, 542
3.5, 378, 645
3.5, 378, 741
3, 378, 846
7.25, 378, 378
1.5, 379, 91
3, 379, 182
3.25, 379, 275
0.25, 379, 370
3.75, 379, 481
1.25, 379, 379
3.25, 380, 85
1.25, 380, 184
3.25, 380, 279
1, 380, 400
1, 380, 520
0.25, 380, 631
0.5, 380, 756
2, 380, 865
2, 380, 380
2.75, 381, 101
1, 381, 212
-6.75, 381, 381
0.5, 382, 99
1.5, 382, 201
3, 382, 308
-5.5, 382, 382
2.25, 383, 90
0.75, 383, 208
3, 383, 333
2.5, 383, 430
1.5, 383, 515
0.25, 383, 600
2.5, 383, 707
3.75, 383, 794
6, 383, 383
3.75, 384, 88
3, 384, 183
0.5, 384, 288
-3.25, 384, 384
3.5, 385, 93
1, 385, 193
0.25, 385, 283
-5.75, 385, 385
3.5, 386, 110
1.5, 386, 195
3.25, 386, 284
1.5, 386, 400
1.75, 386, 500
1, 386, 386
3.5, 387, 124
3.25, 387, 227
0.25, 387, 352
0.25, 387, 464
2.25, 387, 570
2.75, 387, 656
0.25, 387, 770
2, 387, 387
1, 388, 90
0.75, 388, 193
-8.75, 388, 388
0.5, 389, 117
-10, 389, 389
2.25, 390, 95
1.5, 390, 187
3.25, 390, 298
1.5, 390, 393
0.75, 390, 482
0.25, 390, 599
3.25, 390, 688
2.25, 390, 390
2.25, 391, 98
3.5, 391, 195
2, 391, 312
3.5, 391, 437
3.75, 391, 538
4.5, 391, 391
3.5, 392, 103
2.5, 392, 230
0.75, 392, 339
0.5, 392, 448
-3.25, 392, 392
2.25, 393, 101
1, 393, 200
3.25, 393, 301
2.75, 393, 389
0.5, 393, 512
2.75, 393, 638
2.75, 393, 731
0.5, 393, 826
5.25, 393, 393
1.25, 394, 92
2.25, 394, 190
3.25, 394, 306
1.75, 394, 406
3.5, 394, 521
2.25, 394, 646
3.75, 394, 394
0.5, 395, 87
3.75, 395, 199
2.25, 395, 318
1, 395, 421
1.25, 395, 534
2.5, 395, 650
2, 395, 775
2.75, 395, 395
3.5, 396, 93
1.75, 396, 203
2, 396, 312
3, 396, 410
1, 396, 530
2.25, 396, 642
3, 396, 396
3, 397, 120
2.5, 397, 239
2.5, 397, 334
-2.5, 397, 397
0.25, 398, 107
2, 398, 234
1.75, 398, 358
3, 398, 466
-3.5, 398, 398
1.25, 399, 97
0.5, 399, 196
-8.75, 399, 399
3.25, 400, 118
1.25, 400, 233
0.25, 400, 325
3.75, 400, 440
1, 400, 564
1, 400, 659
2.75, 400, 746
1.5, 400, 843
4.25, 400, 400
3.25, 401, 113
-7.25, 401, 401
2.5, 402, 100
-8, 402, 402
1.75, 403, 86
3.75, 403, 212
0.5, 403, 307
2.75, 403, 407
3.75, 403, 501
1.75, 403, 623
3, 403, 718
6.75, 403, 403
0.25, 404, 100
2, 404, 221
-8.25, 404, 404
1.25, 405, 104
2, 405, 225
2, 405, 324
1.75, 405, 417
2, 405, 513
1.75, 405, 628
1.5, 405, 719
0.75, 405, 830
2.5, 405, 405
2, 406, 94
1.75, 406, 202
-6.75, 406, 406
2.25, 407, 112
1.25, 407, 217
2, 407, 313
2.25, 407, 403
3, 407, 497
3.5, 407, 583
0.75, 407, 672
3, 407, 758
7.5, 407, 407
0.75, 408, 113
2, 408, 210
1, 408, 335
0.75, 408, 457
3, 408, 572
2.5, 408, 678
2, 408, 764
1.5, 408, 408
1.75, 409, 90
3.5, 409, 214
3.75, 409, 309
2.25, 409, 401
2.5, 409, 509
1.25, 409, 602
4.5, 409, 409
2, 410, 117
3.75, 410, 221
3.25, 410, 332
-1.5, 410, 410
3.25, 411, 126
1, 411, 212
1.75, 411, 316
3.5, 411, 405
1.75, 411, 529
0.75, 411, 411
1.25, 412, 88
0.25, 412, 190
-9, 412, 412
2.5, 413, 95
-8, 413, 413
0.5, 414, 107
0.25, 414, 219
1.25, 414, 315
1, 414, 401
0.5, 414, 527
0.25, 414, 639
1, 414, 740
-5.75, 414, 414
3, 415, 122
3.5, 415, 235
1.5, 415, 339
-2.5, 415, 415
2.75, 416, 97
1, 416, 191
1.5, 416, 309
2.75, 416, 425
0.5, 416, 548
0.75, 416, 654
2, 416, 742
3, 416, 846
3.75, 416, 416
0.5, 417, 106
0.25, 417, 228
3.25, 417, 314
2, 417, 422
1.5, 417, 538
3.25, 417, 630
2, 417, 718
2.25, 417, 417
3.75, 418, 119
2.25, 418, 245
0.75, 418, 341
2.75, 418, 431
0.25, 418, 542
-0.75, 418, 418
2.25, 419, 96
-8.25, 419, 419
1.75, 420, 86
2.25, 420, 174
-6.5, 420, 420
2.25, 421, 122
0.25, 421, 218
2.75, 421, 336
1, 421, 433
2.75, 421, 542
1.75, 421, 627
1, 421, 725
1.25, 421, 421
2.5, 422, 113
0.25, 422, 201
-7.75, 422, 422
1, 423, 114
3.25, 423, 232
0.5, 423, 330
0.25, 423, 419
2.5, 423, 511
-3, 423, 423
1, 424, 100
3.5, 424, 221
2.75, 424, 314
2.75, 424, 414
3.75, 424, 506
3.5, 424, 611
3.75, 424, 722
0.5, 424, 847
11, 424, 424
1.5, 425, 88
0.75, 425, 210
1.5, 425, 301
1.5, 425, 417
0.25, 425, 531
1.75, 425, 623
-3.25, 425, 425
3, 426, 121
2.25, 426, 238
2.75, 426, 348
0.5, 426, 447
2.25, 426, 569
1, 426, 689
1.25, 426, 426
3.25, 427, 105
3.75, 427, 206
0.5, 427, 302
1.75, 427, 393
1.75, 427, 479
0.5, 427, 602
1, 427, 427
1.75, 428, 88
3, 428, 189
3, 428, 316
3.75, 428, 436
1, 428, 428
2.75, 429, 101
0.5, 429, 224
2.25, 429, 324
1, 429, 435
-4, 429, 429
1, 430, 107
1.5, 430, 197
1, 430, 301
1.5, 430, 413
3.75, 430, 539
2.75, 430, 632
3.25, 430, 757
0.5, 430, 862
4.75, 430, 430
1.5, 431, 114
0.25, 431, 210
1.5, 431, 328
0.25, 431, 432
2, 431, 547
1.25, 431, 666
-3.75, 431, 431
2.75, 432, 105
-7.75, 432, 432
0.75, 433, 115
2.5, 433, 201
1.25, 433, 327
0.75, 433, 435
-5.25, 433, 433
2, 434, 92
3.75, 434, 181
2.5, 434, 276
0.5, 434, 361
0.5, 434, 470
-1.25, 434, 434
2.75, 435, 106
3.25, 435, 223
3.5, 435, 324
0.25, 435, 430
1.75, 435, 546
0.5, 435, 665
3.75, 435, 750
5.25, 435, 435
3.75, 436, 111
3.5, 436, 232
3.75, 436, 336
2.25, 436, 440
2.5, 436, 554
1.25, 436, 670
3.75, 436, 763
3.5, 436, 859
13.75, 436, 436
3.25, 437, 103
2, 437, 190
0.5, 437, 299
0.75, 437, 385
3.5, 437, 510
2, 437, 619
1, 437, 727
2.5, 437, 437
2.25, 438, 110
2.25, 438, 224
1, 438, 349
-5, 438, 438
0.25, 439, 121
0.75, 439, 220
2, 439, 320
2.75, 439, 427
0.5, 439, 516
-4.25, 439, 439
0.25, 440, 86
1.75, 440, 176
0.75, 440, 300
-7.75, 440, 440
1.75, 441, 108
0.75, 441, 233
-8, 441, 441
1.25, 442, 114
-9.25, 442, 442
3.25, 443, 119
3, 443, 210
2.25, 443, 314
0.25, 443, 429
2.5, 443, 540
0.25, 443, 631
3.5, 443, 746
3, 443, 849
7.5, 443, 443
3.5, 444, 123
2.5, 444, 245
1, 444, 348
1.75, 444, 436
3.5, 444, 554
3, 444, 666
4.75, 444, 444
3.75, 445, 110
0.75, 445, 236
1, 445, 327
1.5, 445, 422
0.5, 445, 547
2.75, 445, 645
-0.25, 445, 445
3.25, 446, 99
2.5, 446, 214
1.25, 446, 304
3.25, 446, 392
2.75, 446, 504
2.75, 446, 620
0.5, 446, 732
5.75, 446, 446
0.25, 447, 97
1, 447, 213
0.5, 447, 300
0.5, 447, 413
1, 447, 519
1.5, 447, 611
3.5, 447, 697
-2.25, 447, 447
2.25, 448, 111
-8.25, 448, 448
1.25, 449, 92
3, 449, 198
-6.25, 449, 449
0.5, 450, 99
1.5, 450, 223
2.5, 450, 342
-6, 450, 450
0.5, 451, 115
3.75, 451, 238
0.25, 451, 362
3.5, 451, 471
1.5, 451, 577
-1, 451, 451
3.75, 452, 109
3, 452, 212
1.5, 452, 312
-2.25, 452, 452
1, 453, 85
0.75, 453, 211
-8.75, 453, 453
2.75, 454, 91
2.25, 454, 203
-5.5, 454, 454
1.75, 455, 85
1.25, 455, 177
-7.5, 455, 455
2.5, 456, 88
2, 456, 184
-6, 456, 456
1.25, 457, 109
2.5, 457, 205
0.25, 457, 320
2.75, 457, 432
1.25, 457, 521
-2.5, 457, 457
1, 458, 125
0.75, 458, 243
2.25, 458, 338
-6.5, 458, 458
0.25, 459, 100
1.75, 459, 212
2.5, 459, 318
1.25, 459, 408
2.75, 459, 505
0.25, 459, 607
2.75, 459, 695
1, 459, 459
0.25, 460, 84
3.75, 460, 171
2.25, 460, 269
3.5, 460, 366
1.75, 460, 480
0.75, 460, 601
1.75, 460, 460
0.75, 461, 115
1.25, 461, 203
-8.5, 461, 461
2.25, 462, 91
-8.25, 462, 462
1.25, 463, 105
3, 463, 202
0.5, 463, 300
1.25, 463, 417
3.25, 463, 544
-1.25, 463, 463
3, 464, 103
1.5, 464, 207
2.25, 464, 317
1.25, 464, 430
1.75, 464, 551
2.5, 464, 649
2, 464, 760
0.25, 464, 867
4, 464, 464
1, 465, 103
1.75, 465, 196
2, 465, 286
-5.75, 465, 465
1.75, 466, 121
-8.75, 466, 466
3.25, 467, 90
-7.25, 467, 467
3.25, 468, 86
2, 468, 182
3.25, 468, 295
0.75, 468, 383
3.75, 468, 480
2.5, 468, 468
2.75, 469, 116
-7.75, 469, 469
1.25, 470, 87
2, 470, 210
0.5, 470, 336
-6.75, 470, 470
3.25, 471, 116
-7.25, 471, 471
2.75, 472, 88
3.5, 472, 179
1, 472, 301
0.25, 472, 422
2.25, 472, 543
-0.75, 472, 472
3.5, 473, 84
0.25, 473, 209
2.75, 473, 318
-4, 473, 473
1, 474, 97
2.25, 474, 204
-7.25, 474, 474
1.5, 475, 100
2.75, 475, 203
1.25, 475, 289
0.25, 475, 387
2.25, 475, 490
-2.5, 475, 475
1.75, 476, 102
0.75, 476, 215
-8, 476, 476
3.25, 477, 94
0.25, 477, 187
0.25, 477, 287
2.25, 477, 383
-4.5, 477, 477
2.25, 478, 95
1.25, 478, 210
3.25, 478, 303
3.5, 478, 409
3.5, 478, 501
3.25, 478, 478
0.5, 479, 88
1.75, 479, 200
3, 479, 319
3.5, 479, 405
-1.75, 479, 479
1.5, 480, 101
3.5, 480, 219
3.75, 480, 313
3.75, 480, 411
3.25, 480, 498
5.25, 480, 480
1.5, 481, 118
2.25, 481, 226
0.25, 481, 314
-6.5, 481, 481
1.5, 482, 97
0.25, 482, 212
3.5, 482, 311
-5.25, 482, 482
3.5, 483, 90
2.5, 483, 193
3.75, 483, 320
0.75, 483, 432
3.25, 483, 533
2.5, 483, 654
2.5, 483, 746
8.25, 483, 483
2, 484, 100
-8.5, 484, 484
3.75, 485, 125
-6.75, 485, 485
2.25, 486, 94
1, 486, 186
0.25, 486, 311
3.5, 486, 403
1, 486, 493
2, 486, 580
-0.5, 486, 486
2.75, 487, 123
0.75, 487, 229
3.25, 487, 347
-3.75, 487, 487
2, 488, 118
2.25, 488, 232
3.75, 488, 350
1.5, 488, 441
1.25, 488, 557
0.25, 488, 488
1.5, 489, 102
1.5, 489, 201
1, 489, 322
2.25, 489, 434
-4.25, 489, 489
2.5, 490, 100
3, 490, 199
1.25, 490, 320
-3.75, 490, 490
1.5, 491, 103
1.75, 491, 194
2.5, 491, 294
2, 491, 397
0.75, 491, 496
0.5, 491, 593
1.75, 491, 713
0.25, 491, 491
1.75, 492, 86
1.5, 492, 202
0.75, 492, 306
3, 492, 401
3.25, 492, 520
2.25, 492, 640
2.25, 492, 726
4.25, 492, 492
1.5, 493, 126
3.75, 493, 237
3.25, 493, 326
0.75, 493, 437
2.25, 493, 533
1.75, 493, 618
3.25, 493, 725
6, 493, 493
2.25, 494, 125
2.25, 494, 240
3.5, 494, 363
1.25, 494, 469
3.75, 494, 563
0.5, 494, 658
2, 494, 776
1.75, 494, 895
6.75, 494, 494
3.5, 495, 100
2.25, 495, 206
1.75, 495, 305
1.5, 495, 416
0.75, 495, 539
3, 495, 656
1.75, 495, 770
0.75, 495, 863
4.75, 495, 495
0.25, 496, 102
3.5, 496, 192
3.75, 496, 292
1.25, 496, 397
-1.75, 496, 496
1.75, 497, 96
0.25, 497, 202
1.5, 497, 312
1.5, 497, 419
-5.5, 497, 497
2.5, 498, 91
1, 498, 204
2.5, 498, 290
-4.5, 498, 498
2.25, 499, 120
-8.25, 499, 499
3.75, 500, 107
1, 500, 234
3, 500, 333
1.75, 500, 443
-1, 500, 500
2.25, 501, 119
3.5, 501, 227
3.25, 501, 324
2, 501, 410
2.5, 501, 496
0.75, 501, 608
2.25, 501, 711
6, 501, 501
2.5, 502, 97
3.5, 502, 189
3.25, 502, 277
3.75, 502, 376
1.75, 502, 470
1, 502, 576
1.25, 502, 695
6.5, 502, 502
3, 503, 108
1.75, 503, 218
3.5, 503, 318
2.75, 503, 427
3, 503, 526
3.25, 503, 645
3.75, 503, 741
10.5, 503, 503
1.5, 504, 112
2.75, 504, 219
0.5, 504, 336
1.25, 504, 440
-4.5, 504, 504
3.25, 505, 122
-7.25, 505, 505
3.5, 506, 94
2, 506, 187
3.5, 506, 288
2, 506, 387
0.75, 506, 477
1.75, 506, 568
3, 506, 683
2.75, 506, 775
8.75, 506, 506
0.75, 507, 96
-9.75, 507, 507
2.75, 508, 92
-7.75, 508, 508
0.75, 509, 121
1.25, 509, 223
2.25, 509, 328
1, 509, 424
1.75, 509, 551
-3.5, 509, 509
0.75, 510, 125
1, 510, 212
0.75, 510, 314
3.25, 510, 422
3.75, 510, 528
-1, 510, 510
3, 511, 122
2.75, 511, 213
3, 511, 334
3, 511, 438
1.25, 511, 511
2, 512, 125
2.75, 512, 229
2.25, 512, 352
2, 512, 469
3.5, 512, 590
2, 512, 512
2.5, 513, 102
2, 513, 220
0.25, 513, 327
1.75, 513, 419
0.25, 513, 520
1.5, 513, 635
1.75, 513, 759
1, 513, 849
0.5, 513, 513
0.5, 514, 88
1.75, 514, 192
0.75, 514, 302
-7.5, 514, 514
0.25, 515, 85
1.75, 515, 211
3, 515, 323
0.5, 515, 416
1.25, 515, 509
-3.75, 515, 515
0.75, 516, 109
-9.75, 516, 516
1.25, 517, 91
0.75, 517, 212
3.75, 517, 325
3, 517, 414
1.75, 517, 509
0.25, 517, 594
0.25, 517, 517
1.25, 518, 100
3, 518, 207
0.25, 518, 311
0.25, 518, 404
-5.75, 518, 518
2.75, 519, 97
2.25, 519, 201
1.75, 519, 322
2.5, 519, 449
1.75, 519, 576
1.5, 519, 673
2, 519, 519
3.75, 520, 113
3.5, 520, 224
3.5, 520, 338
1.75, 520, 441
1.5, 520, 544
3.25, 520, 639
6.75, 520, 520
0.75, 521, 94
2, 521, 205
2.75, 521, 332
3.25, 521, 440
0.5, 521, 541
-1.25, 521, 521
1.25, 522, 117
1.5, 522, 228
2.75, 522, 314
1.5, 522, 402
-3.5, 522, 522
2.25, 523, 90
2.75, 523, 206
3.25, 523, 324
1.25, 523, 421
3.75, 523, 520
0.75, 523, 643
3.5, 523, 523
0.25, 524, 125
-10.25, 524, 524
1.25, 525, 125
0.25, 525, 232
2, 525, 317
-7, 525, 525
3.25, 526, 91
3.5, 526, 212
3.5, 526, 320
3.5, 526, 443
2.5, 526, 534
2.5, 526, 656
1.75, 526, 782
0.5, 526, 909
10.5, 526, 526
2, 527, 116
-8.5, 527, 527
0.75, 528, 126
3.5, 528, 223
-6.25, 528, 528
0.25, 529, 106
-10.25, 529, 529
2.25, 530, 125
0.75, 530, 229
2, 530, 354
-5.5, 530, 530
0.5, 531, 115
-10, 531, 531
2.75, 532, 111
3.5, 532, 206
3.5, 532, 331
3.5, 532, 457
0.25, 532, 543
1.75, 532, 636
1.5, 532, 758
6.25, 532, 532
2.75, 533, 90
3.75, 533, 183
2.25, 533, 270
2.75, 533, 378
3, 533, 465
1.5, 533, 555
1.75, 533, 663
3.25, 533, 753
10.5, 533, 533
3.25, 534, 124
3.5, 534, 250
0.25, 534, 370
3.25, 534, 495
1.25, 534, 598
1, 534, 534
1.5, 535, 88
3.5, 535, 209
2.25, 535, 323
2, 535, 447
-1.25, 535, 535
0.75, 536, 110
1.75, 536, 199
2.25, 536, 308
1.5, 536, 432
3, 536, 521
2.75, 536, 642
3, 536, 728
3, 536, 829
7.5, 536, 536
2.75, 537, 120
2.25, 537, 229
3.25, 537, 316
2.5, 537, 420
0.5, 537, 519
3.5, 537, 631
2.25, 537, 719
6.5, 537, 537
2.5, 538, 109
2.75, 538, 227
0.75, 538, 324
3, 538, 414
1.5, 538, 509
1.5, 538, 607
1.5, 538, 538
1, 539, 84
1.75, 539, 182
-7.75, 539, 539
0.25, 540, 103
3.75, 540, 205
2.5, 540, 329
-4, 540, 540
3, 541, 123
3.75, 541, 244
-3.75, 541, 541
2.25, 542, 112
1, 542, 233
3.75, 542, 349
2.5, 542, 445
-1, 542, 542
2.75, 543, 118
3.75, 543, 207
0.25, 543, 308
1.5, 543, 413
3, 543, 539
1.5, 543, 665
2.75, 543, 753
1.75, 543, 874
6.75, 543, 543
2.5, 544, 110
3.25, 544, 220
0.75, 544, 345
-4, 544, 544
3.5, 545, 99
0.5, 545, 198
2, 545, 283
-4.5, 545, 545
2.5, 546, 97
-8, 546, 546
0.25, 547, 95
2.25, 547, 222
3.25, 547, 331
-4.75, 547, 547
3.5, 548, 118
1.25, 548, 224
3, 548, 331
-2.75, 548, 548
0.5, 549, 89
1.25, 549, 192
1.25, 549, 287
3.5, 549, 391
1, 549, 488
-3, 549, 549
1, 550, 88
-9.5, 550, 550
2.5, 551, 97
1.5, 551, 207
1.75, 551, 292
2, 551, 400
1, 551, 502
3.5, 551, 621
3.75, 551, 745
5.5, 551, 551
1.5, 552, 94
1.5, 552, 220
-7.5, 552, 552
1.75, 553, 89
1.5, 553, 182
2.75, 553, 308
3.25, 553, 424
2.5, 553, 522
1.25, 553, 638
0.25, 553, 725
0.5, 553, 835
3.25, 553, 553
0.75, 554, 88
-9.75, 554, 554
2, 555, 100
3.25, 555, 207
2.5, 555, 315
2.75, 555, 428
3.5, 555, 539
1.5, 555, 652
5, 555, 555
2.25, 556, 123
3.5, 556, 216
-4.75, 556, 556
3.75, 557, 115
2, 557, 241
1.75, 557, 332
0.75, 557, 451
3, 557, 571
0.75, 557, 669
0.5, 557, 794
3.75, 557, 886
5.75, 557, 557
1.25, 558, 117
2.25, 558, 230
2.25, 558, 357
2.75, 558, 473
1.25, 558, 599
3.25, 558, 685
1.5, 558, 791
0.75, 558, 917
4.75, 558, 558
2.5, 559, 105
0.5, 559, 209
3.75, 559, 307
1, 559, 416
-2.75, 559, 559
3.75, 560, 85
0.75, 560, 212
1.5, 560, 314
2.25, 560, 440
3.5, 560, 532
3.25, 560, 642
4.5, 560, 560
3, 561, 86
1, 561, 201
2.25, 561, 328
3.5, 561, 437
2.25, 561, 527
2.75, 561, 637
4.25, 561, 561
2.25, 562, 104
-8.25, 562, 562
2.25, 563, 87
3.25, 563, 185
3.5, 563, 298
1, 563, 419
2, 563, 530
1.5, 563, 563
3.25, 564, 105
1.25, 564, 204
0.25, 564, 323
2, 564, 426
1.25, 564, 544
2.75, 564, 632
3.75, 564, 729
3.25, 564, 837
7.25, 564, 564
3.5, 565, 85
2.75, 565, 211
3, 565, 310
1, 565, 419
-0.25, 565, 565
3.5, 566, 102
1, 566, 219
0.25, 566, 318
-5.75, 566, 566
1.5, 567, 100
-9, 567, 567
3.25, 568, 106
0.75, 568, 231
3.5, 568, 348
-3, 568, 568
3, 569, 125
1.25, 569, 232
0.25, 569, 356
1.5, 569, 463
0.75, 569, 549
0.5, 569, 639
1, 569, 734
0.75, 569, 845
-1.5, 569, 569
2.75, 570, 90
2, 570, 193
1.5, 570, 305
-4.25, 570, 570
0.75, 571, 120
2, 571, 213
3.5, 571, 331
2.5, 571, 450
2, 571, 543
3, 571, 651
0.5, 571, 772
3.75, 571, 571
3.25, 572, 85
3.75, 572, 184
0.75, 572, 310
-2.75, 572, 572
3.25, 573, 117
3, 573, 220
-4.25, 573, 573
1.25, 574, 111
3.75, 574, 218
0.25, 574, 327
-5.25, 574, 574
3.5, 575, 106
3, 575, 208
3.25, 575, 331
2, 575, 442
2.25, 575, 564
0.75, 575, 672
1.5, 575, 782
1.5, 575, 890
7.25, 575, 575
3, 576, 98
2.5, 576, 224
-5, 576, 576
0.25, 577, 89
1.25, 577, 196
3.25, 577, 291
1.75, 577, 418
3, 577, 517
3, 577, 632
2, 577, 577
3, 578, 89
1.5, 578, 216
-6, 578, 578
3, 579, 95
3.25, 579, 186
3, 579, 283
-1.25, 579, 579
1.75, 580, 85
-8.75, 580, 580
2, 581, 110
0.25, 581, 220
0.5, 581, 326
1.5, 581, 430
1, 581, 538
3.5, 581, 626
2.5, 581, 749
0.75, 581, 581
3.25, 582, 106
2.5, 582, 206
0.25, 582, 305
2.75, 582, 420
-1.75, 582, 582
3.75, 583, 87
0.75, 583, 178
1, 583, 284
-5, 583, 583
0.25, 584, 88
2.25, 584, 190
2.25, 584, 279
1.5, 584, 367
1.75, 584, 469
1, 584, 576
-1.5, 584, 584
0.25, 585, 124
3, 585, 211
1.5, 585, 314
2.5, 585, 402
2.25, 585, 528
1.25, 585, 635
2.75, 585, 723
1, 585, 839
4, 585, 585
0.5, 586, 92
-10, 586, 586
3, 587, 118
1.5, 587, 226
3.75, 587, 330
3.5, 587, 455
2.75, 587, 556
3.5, 587, 663
3.75, 587, 784
1, 587, 910
12.25, 587, 587
1.25, 588, 119
0.25, 588, 219
-9, 588, 588
1.25, 589, 84
1, 589, 175
-8.25, 589, 589
2.25, 590, 122
3.5, 590, 222
1, 590, 336
1.75, 590, 426
3.75, 590, 541
3.25, 590, 656
2.75, 590, 771
7.75, 590, 590
1.75, 591, 110
0.5, 591, 207
2, 591, 300
0.25, 591, 395
0.75, 591, 519
3, 591, 628
0.25, 591, 749
-2, 591, 591
1, 592, 103
-9.5, 592, 592
3.25, 593, 124
1.75, 593, 210
3.5, 593, 336
3.5, 593, 427
1.5, 593, 593
1.5, 594, 93
0.25, 594, 210
1.75, 594, 337
2.75, 594, 447
1.5, 594, 543
3, 594, 628
0.25, 594, 594
3, 595, 109
0.5, 595, 228
3.75, 595, 349
1, 595, 446
0.5, 595, 532
1, 595, 642
2.75, 595, 754
1.5, 595, 844
3.5, 595, 595
3.75, 596, 87
1.75, 596, 184
0.5, 596, 279
3.5, 596, 364
2.5, 596, 449
1.5, 596, 596
0.25, 597, 86
-10.25, 597, 597
2.25, 598, 113
2.75, 598, 213
0.75, 598, 331
3, 598, 457
2, 598, 565
3.75, 598, 690
2.5, 598, 783
1.25, 598, 873
7.75, 598, 598
0.5, 599, 124
-10, 599, 599
0.25, 600, 85
3.5, 600, 186
2.75, 600, 310
0.5, 600, 432
2.75, 600, 540
2, 600, 641
0.75, 600, 741
3.75, 600, 862
5.75, 600, 600
2.25, 601, 86
-8.25, 601, 601
2.25, 602, 115
1.25, 602, 203
0.5, 602, 317
3.75, 602, 402
3.5, 602, 517
1.5, 602, 608
2.75, 602, 722
5, 602, 602
3.25, 603, 123
2.75, 603, 230
1.5, 603, 318
-3, 603, 603
1.75, 604, 101
1.75, 604, 221
0.25, 604, 329
-6.75, 604, 604
0.5, 605, 124
-10, 605, 605
1.5, 606, 104
2, 606, 227
0.75, 606, 334
-6.25, 606, 606
1.25, 607, 98
-9.25, 607, 607
1, 608, 88
1, 608, 195
0.5, 608, 308
3.75, 608, 395
2.5, 608, 513
3, 608, 604
1.25, 608, 608
1.25, 609, 109
-9.25, 609, 609
2.75, 610, 117
3.75, 610, 233
0.25, 610, 348
2.25, 610, 461
-1.5, 610, 610
0.5, 611, 106
3.25, 611, 233
-6.75, 611, 611
3.75, 612, 96
1, 612, 220
-5.75, 612, 612
0.75, 613, 102
1.75, 613, 215
0.5, 613, 323
3.75, 613, 439
1, 613, 558
0.25, 613, 653
-2.5, 613, 613
2.75, 614, 100
1.75, 614, 213
0.75, 614, 303
2.75, 614, 430
2.5, 614, 553
1.75, 614, 657
1.75, 614, 614
3, 615, 84
2.5, 615, 210
1.5, 615, 296
-3.5, 615, 615
0.5, 616, 92
3.25, 616, 190
0.25, 616, 315
3.75, 616, 424
-2.75, 616, 616
0.75, 617, 86
2.75, 617, 177
1.25, 617, 285
2, 617, 392
0.75, 617, 493
0.25, 617, 602
2, 617, 690
1.5, 617, 806
0.75, 617, 617
0.75, 618, 105
-9.75, 618, 618
1.5, 619, 97
1, 619, 216
1.25, 619, 333
-6.75, 619, 619
0.75, 620, 125
0.75, 620, 211
2.75, 620, 312
0.5, 620, 417
0.5, 620, 504
-5.25, 620, 620
1, 621, 89
1, 621, 208
-8.5, 621, 621
1, 622, 94
3.75, 622, 189
0.75, 622, 300
0.5, 622, 392
3.25, 622, 477
-1.25, 622, 622
3.25, 623, 126
1.75, 623, 237
1, 623, 341
-4.5, 623, 623
2.75, 624, 98
2, 624, 211
3.75, 624, 318
-2, 624, 624
3.5, 625, 122
0.25, 625, 248
-6.75, 625, 625
2.25, 626, 86
2.75, 626, 176
1.5, 626, 287
3.5, 626, 384
2.5, 626, 495
2.75, 626, 603
4.75, 626, 626
1.25, 627, 124
0.75, 627, 251
3.75, 627, 372
-4.75, 627, 627
2.5, 628, 108
-8, 628, 628
1.25, 629, 123
2.5, 629, 230
2.75, 629, 335
3.5, 629, 432
2.25, 629, 527
0.25, 629, 620
2, 629, 733
4, 629, 629
0.75, 630, 103
3, 630, 213
0.25, 630, 312
1.75, 630, 438
0.25, 630, 531
3.25, 630, 616
3, 630, 725
1.75, 630, 630
0.75, 631, 114
3.75, 631, 215
3.25, 631, 305
-2.75, 631, 631
0.25, 632, 107
1.75, 632, 192
3.75, 632, 315
2, 632, 439
1.75, 632, 544
3.75, 632, 639
2.75, 632, 632
2.75, 633, 126
2.5, 633, 229
1.75, 633, 322
0.5, 633, 419
1, 633, 519
2.75, 633, 645
1.25, 633, 747
2, 633, 633
1.5, 634, 121
1, 634, 243
2.25, 634, 349
2.25, 634, 466
3, 634, 582
1.5, 634, 691
0.75, 634, 794
3.5, 634, 899
5.25, 634, 634
2.25, 635, 121
3, 635, 224
2.75, 635, 313
3, 635, 414
0.75, 635, 517
0.5, 635, 609
3, 635, 714
4.75, 635, 635
2.25, 636, 118
-8.25, 636, 636
0.25, 637, 126
2.5, 637, 238
3.25, 637, 360
3.25, 637, 471
3.25, 637, 560
0.75, 637, 662
2.75, 637, 786
5.5, 637, 637
0.75, 638, 120
1.25, 638, 238
1.25, 638, 335
2.25, 638, 446
2, 638, 532
1.5, 638, 620
2.25, 638, 731
3, 638, 824
3.75, 638, 638
0.75, 639, 97
1.75, 639, 208
3.5, 639, 293
0.5, 639, 418
1.25, 639, 545
-2.75, 639, 639
3.5, 640, 90
2, 640, 205
2.5, 640, 290
2.5, 640, 410
-0.3, 640, 640
1.5, 641, 120
1.75, 641, 227
2.5, 641, 334
-4.75, 641, 641
1, 642, 112
1.5, 642, 202
1, 642, 315
-7, 642, 642
3.25, 643, 84
2.75, 643, 189
0.5, 643, 280
2.25, 643, 403
2.5, 643, 506
0.75, 643, 643
1.25, 644, 126
2.5, 644, 252
0.75, 644, 341
-6, 644, 644
3.5, 645, 95
-7, 645, 645
0.75, 646, 114
0.5, 646, 206
1.75, 646, 327
1.5, 646, 441
0.5, 646, 566
3.75, 646, 683
-1.75, 646, 646
1, 647, 107
3.25, 647, 211
-6.25, 647, 647
1.75, 648, 95
3.5, 648, 219
2.5, 648, 308
-2.75, 648, 648
2, 649, 88
0.5, 649, 215
3.75, 649, 334
2.75, 649, 442
2.5, 649, 552
1.75, 649, 645
2.75, 649, 649
3.5, 650, 92
2.5, 650, 189
1.5, 650, 304
0.5, 650, 421
3.75, 650, 533
1.5, 650, 651
2.75, 650, 650
1, 651, 106
1.75, 651, 196
-7.75, 651, 651
2, 652, 115
3, 652, 221
2.25, 652, 316
1, 652, 402
0.75, 652, 503
0.75, 652, 619
-0.75, 652, 652
3, 653, 120
0.5, 653, 239
1.5, 653, 351
1, 653, 448
2.75, 653, 561
-1.75, 653, 653
1.5, 654, 106
2.5, 654, 206
-6.5, 654, 654
3.5, 655, 116
0.25, 655, 218
0.75, 655, 326
3.25, 655, 441
2.5, 655, 551
0.25, 655, 661
1.25, 655, 773
1.25, 655, 655
1.75, 656, 104
2, 656, 199
1, 656, 301
0.75, 656, 410
-5, 656, 656
2.5, 657, 124
2.25, 657, 219
0.25, 657, 334
0.5, 657, 434
-5, 657, 657
0.75, 658, 87
2, 658, 176
0.75, 658, 300
2.25, 658, 395
2.5, 658, 495
3.25, 658, 588
1.75, 658, 710
2.75, 658, 658
2.75, 659, 87
2, 659, 181
0.25, 659, 301
2, 659, 406
1, 659, 507
2.5, 659, 603
2, 659, 699
2, 659, 659
3.75, 660, 96
3.5, 660, 209
0.5, 660, 323
0.25, 660, 447
3.25, 660, 536
0.75, 660, 660
2, 661, 120
2, 661, 236
3.25, 661, 334
2, 661, 452
3, 661, 573
1.5, 661, 687
1.25, 661, 807
4.5, 661, 661
3.25, 662, 92
2, 662, 185
2.25, 662, 282
2.25, 662, 409
3, 662, 532
3.25, 662, 620
5.5, 662, 662
2.75, 663, 92
1, 663, 203
0.75, 663, 290
2.25, 663, 406
2.75, 663, 499
2, 663, 612
1.5, 663, 698
2.5, 663, 663
2.25, 664, 105
-8.25, 664, 664
1, 665, 122
3.75, 665, 221
3, 665, 311
-2.75, 665, 665
3, 666, 118
0.5, 666, 222
3.75, 666, 328
0.5, 666, 419
-2.75, 666, 666
2, 667, 96
2, 667, 196
2.25, 667, 285
3.5, 667, 398
0.25, 667, 509
-0.5, 667, 667
3, 668, 94
0.25, 668, 200
2, 668, 309
1, 668, 416
3.5, 668, 543
1, 668, 634
1, 668, 747
1.25, 668, 668
1.75, 669, 121
0.75, 669, 206
3, 669, 322
3.5, 669, 442
-1.5, 669, 669
2.75, 670, 110
0.25, 670, 236
3, 670, 361
-4.5, 670, 670
1, 671, 101
2.75, 671, 214
-6.75, 671, 671
3, 672, 104
-7.5, 672, 672
3.75, 673, 96
2.5, 673, 217
3, 673, 305
2, 673, 411
0.5, 673, 506
3.5, 673, 624
0.75, 673, 731
5.5, 673, 673
1.75, 674, 85
3.5, 674, 207
-5.25, 674, 674
3.75, 675, 101
0.25, 675, 202
2, 675, 307
1.5, 675, 427
1.25, 675, 530
-1.75, 675, 675
1.75, 676, 102
0.75, 676, 211
2, 676, 297
-6, 676, 676
2.25, 677, 119
1, 677, 231
2.75, 677, 337
3.75, 677, 449
3.25, 677, 575
2.75, 677, 660
5.25, 677, 677
3.5, 678, 124
2.75, 678, 235
3, 678, 331
2.25, 678, 432
2.75, 678, 529
0.75, 678, 615
4.5, 678, 678
1.5, 679, 87
-9, 679, 679
0.5, 680, 90
1, 680, 197
0.25, 680, 297
1, 680, 385
2, 680, 512
-5.75, 680, 680
0.5, 681, 105
0.25, 681, 226
3.25, 681, 318
-6.5, 681, 681
2, 682, 113
1.75, 682, 214
1, 682, 300
3.5, 682, 424
1.75, 682, 517
3.75, 682, 611
3.25, 682, 682
1.25, 683, 102
1.75, 683, 192
1, 683, 313
3.25, 683, 431
0.25, 683, 539
-3, 683, 683
1.25, 684, 96
1, 684, 221
3.25, 684, 346
1.75, 684, 452
-3.25, 684, 684
2.5, 685, 87
2, 685, 175
-6, 685, 685
2.75, 686, 120
2, 686, 220
1, 686, 311
3.25, 686, 432
3.25, 686, 531
0.75, 686, 642
1.25, 686, 731
3.75, 686, 686
3, 687, 99
3, 687, 190
0.25, 687, 312
3.75, 687, 400
2.5, 687, 494
2, 687, 687
0.25, 688, 94
1.75, 688, 192
3.75, 688, 317
3.25, 688, 420
2.5, 688, 512
2.25, 688, 599
3.25, 688, 715
6.5, 688, 688
0.75, 689, 87
3.75, 689, 205
3.75, 689, 300
0.25, 689, 392
3.75, 689, 505
2.5, 689, 612
2.75, 689, 739
2, 689, 841
9, 689, 689
3.75, 690, 101
0.5, 690, 193
3.25, 690, 292
1.25, 690, 419
-1.75, 690, 690
1.75, 691, 98
3.25, 691, 208
0.75, 691, 317
2.25, 691, 419
2, 691, 511
2, 691, 634
1, 691, 742
2.5, 691, 691
1.5, 692, 99
1.75, 692, 196
1.75, 692, 292
0.25, 692, 411
2.75, 692, 534
2.75, 692, 648
0.25, 692, 692
0.25, 693, 111
2.25, 693, 225
3.5, 693, 321
2.5, 693, 422
3.5, 693, 549
2.5, 693, 675
1.75, 693, 796
5.75, 693, 693
3, 694, 116
3, 694, 223
1, 694, 344
1, 694, 448
0.75, 694, 536
3, 694, 651
3.75, 694, 774
3.5, 694, 862
8.5, 694, 694
3.75, 695, 89
1.25, 695, 206
3, 695, 295
1, 695, 384
2, 695, 469
0.5, 695, 562
1, 695, 695
3.5, 696, 100
1.75, 696, 208
-5.25, 696, 696
0.75, 697, 115
1.5, 697, 234
1, 697, 321
0.25, 697, 412
-7, 697, 697
1.25, 698, 95
0.75, 698, 203
3.75, 698, 299
3, 698, 393
3, 698, 489
1.25, 698, 698
2.5, 699, 110
1, 699, 230
1, 699, 331
1.25, 699, 426
3.5, 699, 517
-1.25, 699, 699
1, 700, 85
-9.5, 700, 700
2, 701, 86
0.75, 701, 211
0.75, 701, 325
1.25, 701, 444
0.75, 701, 556
3.25, 701, 660
-1.75, 701, 701
0.5, 702, 110
2.5, 702, 211
2, 702, 311
2, 702, 400
0.5, 702, 520
-3, 702, 702
2.75, 703, 117
1.75, 703, 220
1.75, 703, 328
0.75, 703, 436
-3.5, 703, 703
2.25, 704, 113
1.5, 704, 199
3.5, 704, 298
1.75, 704, 383
0.75, 704, 509
1.75, 704, 603
1, 704, 704
3.5, 705, 94
2, 705, 208
0.5, 705, 314
3.5, 705, 440
0.25, 705, 530
3, 705, 622
2.5, 705, 735
3.25, 705, 854
8, 705, 705
3.75, 706, 110
1.25, 706, 222
3.25, 706, 344
0.5, 706, 459
0.25, 706, 580
3.25, 706, 697
2.5, 706, 807
4.25, 706, 706
3.25, 707, 102
-7.25, 707, 707
1.25, 708, 120
2.5, 708, 247
0.75, 708, 369
-6, 708, 708
1.25, 709, 94
1.25, 709, 179
0.25, 709, 281
0.25, 709, 401
3.5, 709, 498
2.5, 709, 599
3.75, 709, 721
1.75, 709, 840
4, 709, 709
2.25, 710, 88
3.25, 710, 189
0.25, 710, 290
2.5, 710, 392
-2.25, 710, 710
2.5, 711, 100
2.25, 711, 218
3.75, 711, 340
2.25, 711, 465
0.25, 711, 711
1.5, 712, 107
0.75, 712, 208
3.75, 712, 301
3.5, 712, 407
2.25, 712, 532
1.25, 712, 712
3, 713, 91
1.5, 713, 183
-6, 713, 713
2.75, 714, 106
0.75, 714, 211
3.5, 714, 296
0.5, 714, 384
-3, 714, 714
0.25, 715, 110
3.75, 715, 199
1.5, 715, 307
2.5, 715, 429
-2.5, 715, 715
3, 716, 115
1.75, 716, 231
0.75, 716, 317
1.5, 716, 432
1, 716, 528
1.25, 716, 634
-1.25, 716, 716
3.75, 717, 114
0.5, 717, 228
0.25, 717, 332
1.5, 717, 440
2.75, 717, 552
-1.75, 717, 717
0.75, 718, 99
0.25, 718, 198
2.25, 718, 283
2.75, 718, 388
2, 718, 473
3, 718, 559
0.5, 718, 718
0.25, 719, 88
2, 719, 180
2.75, 719, 300
-5.5, 719, 719
1.25, 720, 115
2.5, 720, 206
2.25, 720, 325
1.25, 720, 436
3.75, 720, 561
3.5, 720, 671
4, 720, 720
3.75, 721, 94
0.5, 721, 193
2.75, 721, 296
1, 721, 398
2.25, 721, 521
3.25, 721, 611
2, 721, 697
0.75, 721, 813
5.75, 721, 721
2, 722, 107
0.5, 722, 219
-8, 722, 722
3, 723, 116
3.75, 723, 238
1.75, 723, 333
2, 723, 448
2.75, 723, 537
1, 723, 663
1, 723, 777
4.75, 723, 723
1.75, 724, 125
2, 724, 234
1.5, 724, 323
0.75, 724, 409
1.25, 724, 534
1, 724, 630
0.5, 724, 756
1.75, 724, 864
-0.3, 724, 724
3.25, 725, 101
-7.25, 725, 725
3.25, 726, 91
3, 726, 177
3.75, 726, 263
3.75, 726, 370
3.25, 726, 726
3.5, 727, 97
-7, 727, 727
0.75, 728, 97
2.75, 728, 223
2.5, 728, 345
1.5, 728, 468
2, 728, 558
3, 728, 675
2, 728, 728
2.25, 729, 106
1.25, 729, 206
2.75, 729, 331
2.5, 729, 455
2.25, 729, 564
3.5, 729, 687
1.75, 729, 792
0.5, 729, 909
6.25, 729, 729
3.75, 730, 104
1.25, 730, 226
0.75, 730, 343
-4.75, 730, 730
0.75, 731, 88
1.25, 731, 201
1.75, 731, 327
0.5, 731, 441
0.25, 731, 549
-6, 731, 731
0.25, 732, 95
1, 732, 182
2.75, 732, 307
1.25, 732, 397
2.75, 732, 499
-2.5, 732, 732
3.75, 733, 104
2, 733, 200
3.25, 733, 320
1.75, 733, 412
2, 733, 522
2, 733, 611
2.75, 733, 697
7, 733, 733
1, 734, 97
-9.5, 734, 734
1.25, 735, 85
-9.25, 735, 735
3, 736, 103
-7.5, 736, 736
0.5, 737, 110
0.75, 737, 202
2, 737, 314
3.75, 737, 404
2.25, 737, 500
1.5, 737, 595
0.25, 737, 737
3.25, 738, 95
-7.25, 738, 738
0.25, 739, 123
3.5, 739, 225
2, 739, 326
1.25, 739, 430
-3.5, 739, 739
2.75, 740, 106
3.25, 740, 224
-4.5, 740, 740
2.25, 741, 125
3, 741, 233
0.75, 741, 321
1.75, 741, 439
-2.75, 741, 741
3.5, 742, 87
2, 742, 187
-5, 742, 742
2, 743, 110
3, 743, 212
3, 743, 309
2, 743, 416
-0.5, 743, 743
1.25, 744, 93
-9.25, 744, 744
3.5, 745, 110
0.25, 745, 201
2, 745, 313
0.75, 745, 427
1.5, 745, 517
2, 745, 629
1.25, 745, 726
2.25, 745, 834
3, 745, 745
2, 746, 117
1.25, 746, 230
1.25, 746, 320
0.25, 746, 407
1, 746, 506
2.5, 746, 623
2.25, 746, 725
-0.3, 746, 746
0.25, 747, 100
0.5, 747, 189
1.25, 747, 279
3.75, 747, 373
3.25, 747, 478
2.75, 747, 572
2.25, 747, 675
3.5, 747, 747
3.25, 748, 108
2.25, 748, 195
3.5, 748, 317
1, 748, 439
3.5, 748, 546
3, 748, 748
0.5, 749, 84
1.75, 749, 186
0.75, 749, 308
3.25, 749, 393
2.75, 749, 517
3.25, 749, 640
0.75, 749, 762
2.75, 749, 865
5.25, 749, 749
3, 750, 100
0.5, 750, 227
1.25, 750, 324
3, 750, 442
0.5, 750, 548
3.25, 750, 652
1, 750, 775
1.5, 750, 902
3.5, 750, 750
0.75, 751, 118
3.5, 751, 244
3, 751, 339
-3.25, 751, 751
2.75, 752, 85
0.25, 752, 184
3.5, 752, 291
2.25, 752, 402
3.25, 752, 499
1.5, 752, 752
3.75, 753, 93
2.25, 753, 199
1.25, 753, 324
1, 753, 449
2.75, 753, 544
3.5, 753, 651
2.75, 753, 775
0.75, 753, 889
7.5, 753, 753
2.25, 754, 89
2.25, 754, 174
1, 754, 281
0.75, 754, 378
1.75, 754, 476
0.25, 754, 585
-2.25, 754, 754
1.5, 755, 120
1.25, 755, 215
2.5, 755, 307
2, 755, 428
0.5, 755, 541
3.5, 755, 663
0.75, 755, 755
2.5, 756, 89
3.5, 756, 182
3.25, 756, 267
1.25, 756, 383
2, 756, 496
2, 756, 594
2.5, 756, 717
0.75, 756, 839
7.25, 756, 756
0.5, 757, 84
-10, 757, 757
3.25, 758, 101
1.75, 758, 200
3.75, 758, 317
2.5, 758, 407
2.25, 758, 528
0.25, 758, 624
2.5, 758, 723
5.75, 758, 758
0.25, 759, 93
2.5, 759, 209
1.5, 759, 326
-6.25, 759, 759
1.25, 760, 124
0.5, 760, 226
1, 760, 311
3, 760, 402
1.5, 760, 527
2.75, 760, 622
0.5, 760, 728
-0.3, 760, 760
1.75, 761, 122
3.75, 761, 227
2.5, 761, 318
-2.5, 761, 761
3.25, 762, 119
2.75, 762, 209
2.75, 762, 309
2.75, 762, 412
1, 762, 762
2.5, 763, 117
3.25, 763, 208
3.5, 763, 313
0.75, 763, 440
1.5, 763, 559
1, 763, 763
3.75, 764, 120
0.75, 764, 213
-6, 764, 764
3, 765, 97
2.25, 765, 195
1.75, 765, 302
1.5, 765, 416
2.25, 765, 518
0.75, 765, 607
3.75, 765, 724
1, 765, 851
5.75, 765, 765
2.5, 766, 115
3.5, 766, 215
1.75, 766, 320
3.75, 766, 425
0.5, 766, 519
1.75, 766, 609
3.25, 766, 766
2, 767, 89
3, 767, 204
3, 767, 317
-2.5, 767, 767
2.5, 768, 119
1.25, 768, 208
1.25, 768, 316
0.75, 768, 438
1.75, 768, 524
1, 768, 635
-2, 768, 768
1, 769, 118
3.25, 769, 216
0.75, 769, 313
1.75, 769, 399
-3.75, 769, 769
2.75, 770, 100
-7.75, 770, 770
2.75, 771, 97
2.25, 771, 185
2, 771, 308
1, 771, 414
0.25, 771, 509
1, 771, 623
3.5, 771, 729
0.25, 771, 849
2.5, 771, 771
0.5, 772, 116
0.75, 772, 204
2.25, 772, 327
1.25, 772, 429
3.5, 772, 531
0.25, 772, 632
2.5, 772, 745
0.5, 772, 772
0.25, 773, 109
3.5, 773, 219
1.75, 773, 316
2.5, 773, 433
3.5, 773, 524
3.75, 773, 644
3.25, 773, 736
2.75, 773, 846
10.75, 773, 773
1.25, 774, 88
1.25, 774, 173
2, 774, 279
1.75, 774, 387
0.5, 774, 473
1.75, 774, 574
1, 774, 676
-1, 774, 774
0.25, 775, 108
0.5, 775, 228
-9.75, 775, 775
2.75, 776, 126
2.75, 776, 249
2, 776, 376
0.5, 776, 475
-2.5, 776, 776
3.25, 777, 125
1, 777, 225
3.5, 777, 338
3, 777, 438
3.75, 777, 559
4, 777, 777
2.25, 778, 112
2.75, 778, 229
-5.5, 778, 778
0.75, 779, 104
0.75, 779, 217
-9, 779, 779
2.75, 780, 123
0.75, 780, 217
2, 780, 331
3, 780, 449
2, 780, 558
2, 780, 676
2, 780, 764
4, 780, 780
0.25, 781, 120
-10.25, 781, 781
0.75, 782, 117
2, 782, 209
3.25, 782, 313
2, 782, 429
3.5, 782, 525
3.5, 782, 644
4.5, 782, 782
3.25, 783, 96
0.25, 783, 197
1.75, 783, 321
1.75, 783, 424
1, 783, 510
1.25, 783, 606
-1.25, 783, 783
1, 784, 95
0.75, 784, 211
0.25, 784, 317
2.5, 784, 425
-6, 784, 784
3.75, 785, 98
1, 785, 213
1.75, 785, 306
3.5, 785, 414
1.25, 785, 540
1.5, 785, 634
0.5, 785, 747
2.75, 785, 785
2, 786, 118
1.5, 786, 213
0.5, 786, 299
2.75, 786, 404
1.5, 786, 513
3.25, 786, 639
1, 786, 786
3.75, 787, 99
3.25, 787, 192
1.75, 787, 293
-1.75, 787, 787
1.5, 788, 101
1.25, 788, 197
3, 788, 306
2.5, 788, 397
1.5, 788, 482
3.25, 788, 575
1, 788, 698
1.75, 788, 801
5.25, 788, 788
2, 789, 121
1, 789, 219
2.25, 789, 313
2.25, 789, 422
0.25, 789, 520
-2.75, 789, 789
3.5, 790, 92
3.5, 790, 198
3, 790, 316
1.5, 790, 437
1, 790, 532
3.5, 790, 629
3.5, 790, 732
3.5, 790, 820
12.5, 790, 790
3.5, 791, 125
1.5, 791, 232
3.25, 791, 344
0.75, 791, 435
3.25, 791, 538
1.5, 791, 640
2, 791, 735
5.25, 791, 791
1, 792, 93
1.25, 792, 196
0.75, 792, 284
3.25, 792, 404
2.25, 792, 521
3.25, 792, 613
1.25, 792, 792
0.75, 793, 126
3.25, 793, 231
2.75, 793, 354
-3.75, 793, 793
0.75, 794, 87
0.25, 794, 183
2, 794, 277
0.75, 794, 368
3.5, 794, 489
0.5, 794, 584
-2.75, 794, 794
2, 795, 109
2.75, 795, 214
0.25, 795, 330
1, 795, 422
1.75, 795, 515
3, 795, 623
0.25, 795, 795
2.75, 796, 105
2.75, 796, 193
2.75, 796, 307
2.25, 796, 405
2, 796, 523
3.75, 796, 628
3.5, 796, 716
9.25, 796, 796
1, 797, 89
2.5, 797, 180
3.25, 797, 285
2.25, 797, 402
2.25, 797, 490
0.75, 797, 797
3.75, 798, 109
0.5, 798, 233
3.25, 798, 339
0.5, 798, 437
3, 798, 563
0.5, 798, 798
0.5, 799, 94
1.5, 799, 192
1.75, 799, 280
-6.75, 799, 799
3.5, 800, 100
0.75, 800, 222
-6.25, 800, 800
3.5, 801, 86
3.25, 801, 184
2.5, 801, 280
1.75, 801, 379
2.25, 801, 485
1.25, 801, 589
2.25, 801, 707
6.25, 801, 801
0.5, 802, 97
3.75, 802, 223
2.25, 802, 339
3.75, 802, 424
1.5, 802, 537
1.25, 802, 802
0.75, 803, 123
1, 803, 248
2.25, 803, 337
-6.5, 803, 803
0.25, 804, 90
-10.25, 804, 804
0.25, 805, 106
1.75, 805, 228
-8.5, 805, 805
3.5, 806, 100
2.75, 806, 219
3.25, 806, 326
2.5, 806, 431
1.5, 806, 806
0.25, 807, 86
-10.25, 807, 807
2.5, 808, 119
-8, 808, 808
0.5, 809, 97
3.75, 809, 187
2, 809, 280
1.5, 809, 379
1, 809, 503
2.25, 809, 610
0.5, 809, 809
2.25, 810, 88
1.75, 810, 177
2.75, 810, 273
1.25, 810, 364
3.25, 810, 485
2.25, 810, 588
0.5, 810, 680
1.25, 810, 799
4.75, 810, 810
3.5, 811, 91
1.25, 811, 210
1.5, 811, 329
-4.25, 811, 811
3, 812, 116
-7.5, 812, 812
1.5, 813, 95
0.25, 813, 220
1, 813, 321
1.75, 813, 439
2.5, 813, 560
-3.5, 813, 813
2.5, 814, 92
3.25, 814, 197
1.75, 814, 296
-3, 814, 814
3.5, 815, 112
3.5, 815, 235
3.5, 815, 355
3.25, 815, 464
3.25, 815, 815
2, 816, 91
2.25, 816, 212
0.75, 816, 299
3.25, 816, 389
0.25, 816, 503
-2, 816, 816
0.25, 817, 90
1.75, 817, 190
-8.5, 817, 817
0.5, 818, 120
3.25, 818, 206
3.75, 818, 328
3, 818, 444
2.75, 818, 566
0.25, 818, 683
0.5, 818, 785
1.75, 818, 878
5.25, 818, 818
2.5, 819, 93
2, 819, 211
2.5, 819, 338
0.25, 819, 424
0.25, 819, 526
3.5, 819, 643
0.5, 819, 819
1.5, 820, 120
0.75, 820, 230
2.5, 820, 323
-5.75, 820, 820
3, 821, 86
2.25, 821, 191
0.75, 821, 293
2.5, 821, 411
3, 821, 501
1.25, 821, 597
2, 821, 703
1.75, 821, 809
6, 821, 821
2.25, 822, 113
2, 822, 237
0.75, 822, 363
2.5, 822, 460
1.5, 822, 558
3.5, 822, 668
2, 822, 787
4, 822, 822
0.25, 823, 93
-10.25, 823, 823
0.75, 824, 84
1.25, 824, 201
3, 824, 306
-5.5, 824, 824
2.5, 825, 109
2, 825, 218
2, 825, 341
2.5, 825, 461
-1.5, 825, 825
3.25, 826, 109
3.25, 826, 197
2, 826, 316
3.75, 826, 405
1.5, 826, 509
1.75, 826, 618
2, 826, 704
7, 826, 826
0.75, 827, 93
-9.75, 827, 827
0.5, 828, 103
2.75, 828, 190
2.25, 828, 278
3, 828, 405
2, 828, 509
1.25, 828, 610
1.25, 828, 828
1.75, 829, 114
0.75, 829, 228
2.5, 829, 328
0.5, 829, 437
0.5, 829, 557
1, 829, 664
1.75, 829, 791
-1.75, 829, 829
2, 830, 89
3, 830, 184
3.75, 830, 301
3.75, 830, 424
0.5, 830, 538
2.75, 830, 663
5.25, 830, 830
1, 831, 95
-9.5, 831, 831
0.5, 832, 90
3, 832, 215
3.5, 832, 337
1.5, 832, 438
1, 832, 537
3.75, 832, 627
1, 832, 726
3.75, 832, 832
0.5, 833, 110
2.25, 833, 225
-7.75, 833, 833
1, 834, 123
2.25, 834, 249
2, 834, 338
3, 834, 442
3, 834, 534
0.75, 834, 622
1.5, 834, 834
1.5, 835, 107
3.75, 835, 214
3.75, 835, 305
0.5, 835, 400
0.25, 835, 491
3.75, 835, 606
3, 835, 722
2.75, 835, 837
8.75, 835, 835
2.25, 836, 114
3.75, 836, 209
3, 836, 324
-1.5, 836, 836
3.25, 837, 107
3, 837, 193
0.75, 837, 281
-3.5, 837, 837
2.5, 838, 93
1.5, 838, 206
-6.5, 838, 838
1.25, 839, 108
0.75, 839, 220
3.25, 839, 345
2.25, 839, 440
2, 839, 527
1.5, 839, 638
1.75, 839, 758
1.25, 839, 885
3.5, 839, 839
2.75, 840, 92
1.5, 840, 207
-6.25, 840, 840
3, 841, 93
3.75, 841, 181
-3.75, 841, 841
2.5, 842, 103
1, 842, 202
1.25, 842, 299
3.5, 842, 426
2.25, 842, 542
1, 842, 651
0.75, 842, 770
1.75, 842, 842
3.25, 843, 91
1.5, 843, 192
0.5, 843, 279
0.5, 843, 367
3.5, 843, 488
3.5, 843, 584
3, 843, 673
5.25, 843, 843
3.25, 844, 97
0.25, 844, 203
3.25, 844, 329
2.25, 844, 424
3.75, 844, 513
3.5, 844, 640
2.75, 844, 752
8.5, 844, 844
2.25, 845, 89
2.5, 845, 193
2.75, 845, 291
2.5, 845, 418
3.5, 845, 523
3, 845, 845
0.5, 846, 97
3.25, 846, 220
3.5, 846, 341
-3.25, 846, 846
2.25, 847, 92
0.25, 847, 207
2, 847, 298
3, 847, 384
0.5, 847, 511
2.25, 847, 599
1.5, 847, 717
1.25, 847, 847
1.5, 848, 102
3.25, 848, 210
2, 848, 306
3.75, 848, 409
3.25, 848, 495
1.25, 848, 581
0.75, 848, 674
5.25, 848, 848
1.5, 849, 89
3.5, 849, 184
1, 849, 288
0.5, 849, 413
1.75, 849, 525
0.75, 849, 639
1.75, 849, 741
3.25, 849, 859
3.5, 849, 849
0.75, 850, 100
1, 850, 210
0.75, 850, 332
3, 850, 448
1, 850, 541
1.75, 850, 646
-2.25, 850, 850
2, 851, 107
2.25, 851, 200
1.25, 851, 289
1.75, 851, 380
1, 851, 468
3, 851, 592
3.25, 851, 713
2.25, 851, 840
6.25, 851, 851
2.25, 852, 115
2.5, 852, 222
3.75, 852, 325
1, 852, 432
1.5, 852, 519
3.5, 852, 636
0.5, 852, 740
4.5, 852, 852
2, 853, 95
2, 853, 217
3.5, 853, 303
1.5, 853, 398
-1.5, 853, 853
3, 854, 91
2, 854, 182
1, 854, 307
0.25, 854, 419
1.5, 854, 531
-2.75, 854, 854
0.25, 855, 118
-10.25, 855, 855
0.5, 856, 112
1.75, 856, 208
1, 856, 299
3.5, 856, 416
-3.75, 856, 856
2, 857, 98
3.25, 857, 190
1.5, 857, 301
1.75, 857, 415
2.75, 857, 507
1.75, 857, 629
2.5, 857, 857
3.5, 858, 96
-7, 858, 858
1.25, 859, 103
3.25, 859, 191
2.5, 859, 295
0.75, 859, 402
-2.75, 859, 859
0.25, 860, 85
1.75, 860, 185
2.5, 860, 276
1.25, 860, 365
-4.75, 860, 860
2, 861, 86
0.5, 861, 201
1.75, 861, 305
2.25, 861, 403
2.5, 861, 529
2, 861, 636
2.25, 861, 735
2.5, 861, 857
5.25, 861, 861
1.5, 862, 118
1.75, 862, 207
3.5, 862, 320
1.5, 862, 414
-2.25, 862, 862
0.25, 863, 98
1.75, 863, 186
3.75, 863, 280
1, 863, 371
-3.75, 863, 863
2, 864, 104
2.75, 864, 220
3.25, 864, 337
2.75, 864, 460
1.5, 864, 567
1, 864, 682
1, 864, 807
2.75, 864, 909
6.5, 864, 864
1, 865, 101
3.5, 865, 217
-6, 865, 865
2.5, 866, 123
-8, 866, 866
0.25, 867, 100
-10.25, 867, 867
0.25, 868, 86
2.75, 868, 195
3.75, 868, 313
3.25, 868, 432
2.5, 868, 537
2, 868, 868
3.5, 869, 107
-7, 869, 869
2.75, 870, 106
3.25, 870, 194
0.5, 870, 316
0.25, 870, 402
2, 870, 511
2.75, 870, 618
1, 870, 870
3.25, 871, 110
1.25, 871, 227
1.75, 871, 320
-4.25, 871, 871
2, 872, 99
3.25, 872, 184
2, 872, 289
3.25, 872, 383
0.5, 872, 483
1.5, 872, 586
0.5, 872, 688
2.75, 872, 783
5.25, 872, 872
0.75, 873, 95
2.75, 873, 211
0.5, 873, 296
3.5, 873, 382
3.5, 873, 469
3.5, 873, 573
3.5, 873, 689
1, 873, 814
8.5, 873, 873
2.75, 874, 97
0.75, 874, 219
0.5, 874, 307
1.25, 874, 403
2, 874, 500
2.75, 874, 626
3.75, 874, 723
3.75, 874, 832
7, 874, 874
0.25, 875, 99
2, 875, 219
2.75, 875, 319
0.75, 875, 432
1.25, 875, 535
2.75, 875, 628
2.5, 875, 715
1.75, 875, 875
2.25, 876, 123
2, 876, 226
3.75, 876, 317
2.75, 876, 410
2.5, 876, 526
2.75, 876, 876
0.5, 877, 111
1.5, 877, 210
2.25, 877, 300
1.25, 877, 422
0.75, 877, 514
2.5, 877, 639
3.25, 877, 760
1.5, 877, 877
1.5, 878, 88
0.25, 878, 181
0.25, 878, 284
2, 878, 411
0.5, 878, 511
3.5, 878, 623
3, 878, 741
2.5, 878, 844
3, 878, 878
1.25, 879, 111
1.25, 879, 236
2.25, 879, 331
3.5, 879, 434
3, 879, 558
0.75, 879, 879
0.75, 880, 89
2, 880, 210
0.5, 880, 332
3.75, 880, 454
-3.5, 880, 880
1, 881, 92
3.5, 881, 185
3.75, 881, 297
2.25, 881, 402
2.25, 881, 498
2.5, 881, 620
2.75, 881, 739
7.5, 881, 881
0.25, 882, 95
2.25, 882, 206
0.5, 882, 312
3.25, 882, 438
1.75, 882, 553
3.25, 882, 649
0.75, 882, 882
2.75, 883, 113
2.5, 883, 231
1.75, 883, 339
1.75, 883, 464
-1.75, 883, 883
1.75, 884, 120
0.25, 884, 216
2, 884, 343
-6.5, 884, 884
1.5, 885, 123
1.75, 885, 243
-7.25, 885, 885
3.25, 886, 94
2.25, 886, 204
3.75, 886, 298
1, 886, 391
-0.25, 886, 886
0.75, 887, 107
0.75, 887, 194
3.5, 887, 320
2.25, 887, 420
3, 887, 538
-0.25, 887, 887
1.25, 888, 96
3.25, 888, 194
2.5, 888, 308
1.75, 888, 417
2.75, 888, 536
3.75, 888, 647
4.75, 888, 888
3.25, 889, 110
0.75, 889, 226
1, 889, 320
2.75, 889, 432
3.25, 889, 557
1.5, 889, 648
2, 889, 889
2, 890, 109
1.5, 890, 200
3.5, 890, 325
3.25, 890, 428
-0.25, 890, 890
1, 891, 126
-9.5, 891, 891
2.25, 892, 105
1.75, 892, 226
1.5, 892, 311
1, 892, 399
0.25, 892, 495
0.25, 892, 603
2, 892, 695
-1.5, 892, 892
3.5, 893, 122
2.5, 893, 248
2, 893, 340
2, 893, 461
1, 893, 579
2.5, 893, 691
1, 893, 786
4, 893, 893
3, 894, 120
1, 894, 221
3, 894, 319
1.25, 894, 408
3.75, 894, 509
3, 894, 627
2, 894, 738
3.25, 894, 844
9.75, 894, 894
1.25, 895, 85
2.25, 895, 208
1.25, 895, 318
1.25, 895, 421
0.25, 895, 524
-4.25, 895, 895
3.75, 896, 88
3.5, 896, 206
1.25, 896, 313
-2, 896, 896
3, 897, 103
3, 897, 216
3.75, 897, 320
-0.75, 897, 897
1.5, 898, 107
3.25, 898, 192
2.75, 898, 303
2.5, 898, 392
0.25, 898, 495
2.75, 898, 619
2, 898, 746
4.5, 898, 898
3.25, 899, 95
1.5, 899, 217
1.75, 899, 327
2, 899, 419
-2, 899, 899
0.5, 900, 98
-10, 900, 900
1.5, 901, 106
2, 901, 233
0.5, 901, 329
2.25, 901, 419
3, 901, 526
-1.25, 901, 901
2.5, 902, 93
1.5, 902, 191
1, 902, 306
-5.5, 902, 902
2.25, 903, 86
1.75, 903, 193
0.5, 903, 319
1, 903, 439
0.5, 903, 566
2.5, 903, 662
2.75, 903, 750
2, 903, 858
2.75, 903, 903
1.25, 904, 117
2, 904, 242
0.5, 904, 352
1, 904, 441
0.75, 904, 552
2.5, 904, 672
1, 904, 790
-1.5, 904, 904
3, 905, 120
2.75, 905, 218
1.75, 905, 308
0.25, 905, 397
-2.75, 905, 905
3.25, 906, 103
1.25, 906, 203
3.75, 906, 302
3.75, 906, 411
1.25, 906, 509
2, 906, 634
0.5, 906, 729
5.25, 906, 906
0.5, 907, 98
1, 907, 214
0.75, 907, 311
-8.25, 907, 907
2.5, 908, 98
2, 908, 210
3.25, 908, 305
3.75, 908, 406
1.75, 908, 517
1.25, 908, 606
1.25, 908, 719
0.5, 908, 838
5.75, 908, 908
0.5, 909, 112
2, 909, 227
2.5, 909, 343
0.5, 909, 466
-5, 909, 909
3.5, 910, 122
1.5, 910, 230
-5.5, 910, 910
0.25, 911, 119
3.75, 911, 244
1.25, 911, 370
0.5, 911, 497
3.5, 911, 587
-1.25, 911, 911
1.25, 912, 101
0.25, 912, 199
2, 912, 305
0.5, 912, 411
1.75, 912, 525
2.75, 912, 621
1.5, 912, 726
-0.5, 912, 912
1, 913, 124
3.25, 913, 218
-6.25, 913, 913
1.25, 914, 99
3.5, 914, 217
2.5, 914, 340
1, 914, 456
3.5, 914, 560
0.5, 914, 670
0.5, 914, 793
2.25, 914, 914
3.5, 915, 120
2, 915, 247
1.25, 915, 348
3.25, 915, 462
1.25, 915, 570
3.75, 915, 687
4.5, 915, 915
1.25, 916, 101
-9.25, 916, 916
3.5, 917, 98
1.25, 917, 207
-5.75, 917, 917
1, 918, 98
-9.5, 918, 918
1, 919, 126
1, 919, 213
1.25, 919, 317
3.75, 919, 425
1.25, 919, 533
3.75, 919, 646
1.5, 919, 766
2.5, 919, 876
5.5, 919, 919
1.75, 920, 108
-8.75, 920, 920
1.5, 921, 94
3, 921, 196
1.25, 921, 302
2, 921, 402
0.25, 921, 517
2, 921, 633
3.75, 921, 731
3.25, 921, 921
0.75, 922, 117
1.5, 922, 237
0.75, 922, 325
2.5, 922, 431
2.5, 922, 539
3.25, 922, 641
0.75, 922, 922
2.25, 923, 105
3.75, 923, 205
2, 923, 318
3, 923, 435
2.5, 923, 543
2.25, 923, 664
2, 923, 756
7.25, 923, 923
2.25, 924, 97
-8.25, 924, 924
3.75, 925, 94
2.5, 925, 211
1.5, 925, 332
-2.75, 925, 925
0.75, 926, 120
1, 926, 234
-8.75, 926, 926
1.5, 927, 95
0.25, 927, 210
1.75, 927, 312
-7, 927, 927
3, 928, 112
-7.5, 928, 928
2, 929, 122
1.5, 929, 234
-7, 929, 929
1, 930, 115
2.75, 930, 233
2.25, 930, 360
1.75, 930, 464
0.25, 930, 552
2.25, 930, 640
3.25, 930, 750
3, 930, 930
2.75, 931, 118
3.5, 931, 224
0.5, 931, 349
3.75, 931, 469
0.75, 931, 558
3.75, 931, 656
4.5, 931, 931
0.5, 932, 110
3.25, 932, 225
1.75, 932, 310
0.5, 932, 432
3, 932, 549
-1.5, 932, 932
1.25, 933, 106
2.5, 933, 193
3.75, 933, 295
0.25, 933, 402
1.5, 933, 518
2.25, 933, 623
1.75, 933, 722
1.25, 933, 818
4, 933, 933
3, 934, 97
-7.5, 934, 934
2.75, 935, 101
-7.75, 935, 935
0.5, 936, 95
1.25, 936, 209
3.5, 936, 330
1.5, 936, 451
0.5, 936, 540
1.5, 936, 663
2.75, 936, 752
1, 936, 936
3, 937, 110
0.75, 937, 219
-6.75, 937, 937
2.5, 938, 92
0.75, 938, 201
3.75, 938, 309
0.25, 938, 430
0.5, 938, 515
1.25, 938, 608
1.25, 938, 707
-0.25, 938, 938
0.75, 939, 87
0.5, 939, 177
3.75, 939, 262
0.5, 939, 352
1.25, 939, 473
2.5, 939, 589
3.25, 939, 684
3.25, 939, 778
5.25, 939, 939
2.75, 940, 123
1.25, 940, 236
0.25, 940, 344
2.25, 940, 447
1, 940, 546
2.75, 940, 669
0.75, 940, 766
2.25, 940, 858
2.75, 940, 940
2, 941, 93
3, 941, 192
2.25, 941, 303
-3.25, 941, 941
1.5, 942, 113
1.75, 942, 211
2.75, 942, 299
0.75, 942, 412
1, 942, 538
0.5, 942, 660
-2.25, 942, 942
1.25, 943, 126
3, 943, 213
-6.25, 943, 943
0.5, 944, 104
1.5, 944, 198
-8.5, 944, 944
1, 945, 120
0.5, 945, 241
3.5, 945, 339
1.75, 945, 466
3.25, 945, 588
2.75, 945, 687
2.25, 945, 945
0.25, 946, 112
2.5, 946, 220
3.75, 946, 310
2.5, 946, 428
2.25, 946, 520
1.25, 946, 606
2.75, 946, 722
1.5, 946, 819
6.25, 946, 946
3.25, 947, 116
3.5, 947, 226
1.75, 947, 349
2.5, 947, 468
0.25, 947, 584
3.75, 947, 705
4.5, 947, 947
3.5, 948, 114
2.5, 948, 234
0.25, 948, 346
0.75, 948, 461
2, 948, 587
-1.5, 948, 948
1, 949, 115
0.75, 949, 205
0.25, 949, 320
-8.5, 949, 949
1.5, 950, 87
2.75, 950, 209
0.25, 950, 327
3, 950, 417
1.75, 950, 519
3.75, 950, 646
1, 950, 734
3.5, 950, 950
3, 951, 89
3.75, 951, 186
-3.75, 951, 951
2, 952, 107
2.75, 952, 195
2.25, 952, 294
3, 952, 384
-0.5, 952, 952
0.5, 953, 107
1.75, 953, 209
-8.25, 953, 953
2.25, 954, 98
-8.25, 954, 954
1.25, 955, 123
1, 955, 234
3.75, 955, 345
2.25, 955, 450
1.25, 955, 550
0.5, 955, 641
0.25, 955, 745
-0.25, 955, 955
1.25, 956, 85
2.5, 956, 206
3.5, 956, 297
3.75, 956, 397
3.75, 956, 503
1.25, 956, 621
2.25, 956, 734
1.25, 956, 840
9, 956, 956
1, 957, 100
1.75, 957, 213
1, 957, 308
2.5, 957, 410
0.25, 957, 501
1.5, 957, 599
2.75, 957, 685
0.25, 957, 957
1, 958, 88
1.75, 958, 215
1.75, 958, 309
0.75, 958, 426
2, 958, 519
3.75, 958, 630
1.25, 958, 718
3.5, 958, 814
5.25, 958, 958
1.25, 959, 99
1.5, 959, 213
1.75, 959, 305
3.25, 959, 429
2.75, 959, 518
2.5, 959, 619
2.75, 959, 706
2.25, 959, 819
7.5, 959, 959
1.5, 960, 101
3.5, 960, 189
2, 960, 287
3.75, 960, 400
0.25, 960, 960
2.25, 961, 106
2.5, 961, 196
1.75, 961, 299
3.5, 961, 400
0.75, 961, 507
0.25, 961, 961
3, 962, 114
1.75, 962, 227
1.25, 962, 341
3, 962, 432
2, 962, 550
1.25, 962, 675
1.5, 962, 802
3.25, 962, 962
0.5, 963, 110
-10, 963, 963
3.75, 964, 108
3.75, 964, 219
1.25, 964, 320
3.75, 964, 418
3.75, 964, 510
1, 964, 618
6.75, 964, 964
1, 965, 96
-9.5, 965, 965
0.25, 966, 101
1.5, 966, 209
1.5, 966, 317
-7.25, 966, 966
2.25, 967, 112
2, 967, 235
2.5, 967, 340
2.75, 967, 439
-1, 967, 967
2, 968, 96
0.75, 968, 190
3, 968, 312
2.75, 968, 425
-2, 968, 968
1.25, 969, 99
1, 969, 195
1.5, 969, 301
1.5, 969, 393
1.75, 969, 505
0.5, 969, 601
-3, 969, 969
3.75, 970, 109
2.5, 970, 195
3.25, 970, 301
2.75, 970, 405
1, 970, 518
2.25, 970, 631
5, 970, 970
3.25, 971, 95
0.75, 971, 216
1, 971, 309
3.5, 971, 434
0.25, 971, 522
0.25, 971, 647
-1.5, 971, 971
2.75, 972, 119
2.25, 972, 212
2, 972, 338
2.5, 972, 427
0.25, 972, 539
-0.75, 972, 972
2.5, 973, 101
2.75, 973, 192
1, 973, 288
0.5, 973, 399
1.5, 973, 490
-2.25, 973, 973
1.25, 974, 104
1, 974, 211
-8.25, 974, 974
1.75, 975, 100
0.75, 975, 223
1.25, 975, 341
0.5, 975, 460
1, 975, 545
2.25, 975, 641
3.5, 975, 765
2.25, 975, 882
2.75, 975, 975
3.5, 976, 86
1.5, 976, 212
0.25, 976, 322
3.5, 976, 421
0.75, 976, 530
3, 976, 631
2, 976, 976
3.25, 977, 96
3.5, 977, 187
-3.75, 977, 977
2.25, 978, 93
1, 978, 193
-7.25, 978, 978
0.25, 979, 108
0.5, 979, 206
0.5, 979, 291
2.5, 979, 404
1.75, 979, 500
2.75, 979, 603
-2.25, 979, 979
3.75, 980, 113
2.75, 980, 217
0.5, 980, 333
1, 980, 446
0.75, 980, 571
3.75, 980, 695
2, 980, 980
1.5, 981, 86
-9, 981, 981
3.5, 982, 85
1, 982, 209
2.75, 982, 330
1.5, 982, 444
-1.75, 982, 982
3.5, 983, 100
2.75, 983, 219
-4.25, 983, 983
3.5, 984, 120
0.75, 984, 228
-6.25, 984, 984
2, 985, 84
0.75, 985, 185
1.5, 985, 307
1.75, 985, 411
3.75, 985, 535
1.25, 985, 634
1, 985, 723
1.5, 985, 985
1.25, 986, 112
2.25, 986, 232
2.75, 986, 331
0.75, 986, 450
-3.5, 986, 986
0.75, 987, 89
2.25, 987, 183
0.5, 987, 295
1.5, 987, 402
2.25, 987, 527
-3.25, 987, 987
2, 988, 119
0.25, 988, 244
3, 988, 356
2, 988, 456
-3.25, 988, 988
0.75, 989, 121
2, 989, 211
3.5, 989, 301
1.25, 989, 415
1.75, 989, 520
2.75, 989, 613
1.5, 989, 989
1.5, 990, 115
0.25, 990, 215
3.25, 990, 330
3, 990, 450
2, 990, 548
-0.5, 990, 990
3, 991, 122
0.25, 991, 231
1, 991, 332
-6.25, 991, 991
2, 992, 124
3, 992, 217
3.75, 992, 305
0.75, 992, 405
0.75, 992, 529
3, 992, 653
3.5, 992, 762
6.25, 992, 992
0.25, 993, 118
0.75, 993, 209
-9.5, 993, 993
3.25, 994, 89
1.75, 994, 182
-5.5, 994, 994
3.25, 995, 121
3.75, 995, 240
3, 995, 335
-0.5, 995, 995
2, 996, 92
1.75, 996, 195
1.5, 996, 288
2, 996, 414
3.5, 996, 541
0.25, 996, 996
0.75, 997, 85
0.5, 997, 204
1.75, 997, 309
2, 997, 418
0.5, 997, 512
2, 997, 637
2.25, 997, 732
2.75, 997, 851
2, 997, 997
2, 998, 125
1, 998, 221
3.75, 998, 333
2.5, 998, 436
1.5, 998, 538
0.25, 998, 631
0.5, 998, 998
2.75, 999, 125
1.25, 999, 252
-6.5, 999, 999
2.75, 1000, 123
0.5, 1000, 211
1, 1000, 303
1.25, 1000, 398
0.75, 1000, 499
-4.25, 1000, 1000
1.75, 1001, 90
3, 1001, 198
-5.75, 1001, 1001
2, 1002, 100
0.5, 1002, 204
1.25, 1002, 289
2, 1002, 415
3.25, 1002, 520
0.5, 1002, 620
-1, 1002, 1002
1.5, 1003, 117
3, 1003, 214
-6, 1003, 1003
3.75, 1004, 96
-6.75, 1004, 1004
3.25, 1005, 103
1.75, 1005, 199
0.5, 1005, 289
1.25, 1005, 380
2, 1005, 505
-1.75, 1005, 1005
0.75, 1006, 123
3.5, 1006, 246
2, 1006, 349
1.25, 1006, 452
0.5, 1006, 574
1.75, 1006, 664
2.25, 1006, 785
1.5, 1006, 1006
3.25, 1007, 126
3.75, 1007, 240
2.5, 1007, 329
0.75, 1007, 438
0.25, 1007, 551
3.25, 1007, 670
0.75, 1007, 755
3.75, 1007, 876
7.75, 1007, 1007
1, 1008, 111
1.5, 1008, 207
-8, 1008, 1008
1, 1009, 119
2, 1009, 236
2, 1009, 338
3.25, 1009, 440
1.5, 1009, 535
3.25, 1009, 646
2.5, 1009, 1009
3, 1010, 118
2, 1010, 211
0.5, 1010, 305
3.75, 1010, 430
3, 1010, 516
2, 1010, 625
3.75, 1010, 732
0.25, 1010, 851
7.75, 1010, 1010
2.5, 1011, 91
0.25, 1011, 186
3.25, 1011, 313
1.75, 1011, 425
0.5, 1011, 525
3.75, 1011, 625
3.5, 1011, 715
0.25, 1011, 817
5.25, 1011, 1011
1.25, 1012, 112
1.75, 1012, 209
-7.5, 1012, 1012
0.5, 1013, 86
0.25, 1013, 196
3, 1013, 292
3.25, 1013, 399
0.75, 1013, 489
3.25, 1013, 615
1, 1013, 736
2, 1013, 851
3.5, 1013, 1013
0.25, 1014, 123
1.25, 1014, 217
1.5, 1014, 314
0.5, 1014, 413
0.75, 1014, 540
-6.25, 1014, 1014
2.5, 1015, 119
3, 1015, 241
0.25, 1015, 337
-4.75, 1015, 1015
3.25, 1016, 85
0.25, 1016, 202
-7, 1016, 1016
3, 1017, 112
1.25, 1017, 236
0.5, 1017, 347
2.5, 1017, 449
-3.25, 1017, 1017
3, 1018, 109
0.75, 1018, 225
1.25, 1018, 346
-5.5, 1018, 1018
1.5, 1019, 106
3, 1019, 230
0.5, 1019, 318
3.25, 1019, 443
-2.25, 1019, 1019
1.25, 1020, 126
3.5, 1020, 243
0.75, 1020, 340
-5, 1020, 1020
0.25, 1021, 97
0.25, 1021, 218
0.25, 1021, 334
1, 1021, 428
-8.75, 1021, 1021
2.75, 1022, 126
1, 1022, 232
-6.75, 1022, 1022
1.25, 1023, 93
2, 1023, 210
0.25, 1023, 315
1, 1023, 438
2.75, 1023, 552
-3.25, 1023, 1023
